nan
nan
nan
nan
nan
nan
nan
nan
0.0349274
8.7057e-07
5.66754e-10
4.74693e-09
2.41453e-07
2.90525e-14
5.11105e-07
4.93745e-14
0.0900776
1.47888e-05
7.82114e-09
-7.2956e-08
2.61464e-07
-5.00951e-13
-1.51826e-06
1.83344e-12
0.0908779
1.5335e-05
8.60998e-09
2.71053e-07
6.10031e-06
-8.40816e-11
2.9767e-05
-1.89788e-10
0.0916732
1.5743e-05
-5.33891e-10
7.88763e-08
6.22054e-06
4.42666e-11
3.06439e-05
1.30421e-10
0.0924637
1.59971e-05
4.7455e-09
5.58805e-09
2.92823e-07
-1.93229e-11
-1.74056e-06
3.77473e-11
0.0932959
1.65943e-05
8.62254e-09
1.79236e-07
6.51552e-06
2.90019e-11
3.26429e-05
4.94382e-12
0.0941077
1.68627e-05
-7.1568e-09
5.93378e-08
3.14841e-07
-1.22189e-11
-1.91094e-06
2.42691e-11
0.0949458
1.73163e-05
1.85325e-08
-1.42886e-07
3.2458e-07
-3.48802e-11
-1.97188e-06
6.83763e-11
0.0958118
1.79735e-05
1.84582e-08
-2.71077e-07
6.97203e-06
8.22341e-11
3.59658e-05
1.83516e-10
0.0966567
1.82714e-05
-1.02145e-09
-4.32644e-09
3.46173e-07
-8.51669e-12
-2.123e-06
1.89495e-11
0.0975457
1.89674e-05
-1.34062e-10
8.02462e-09
7.29946e-06
-9.24838e-11
3.84008e-05
-2.68416e-10
0.0984307
1.94883e-05
-1.16533e-09
-3.51805e-07
7.45388e-06
6.64625e-11
3.95618e-05
1.79031e-10
0.0993102
1.98189e-05
7.56687e-10
-3.01293e-08
3.87373e-07
1.14537e-11
-2.44018e-06
-2.61807e-11
0.100237
2.05815e-05
4.51872e-09
5.34857e-08
7.78234e-06
6.81394e-11
4.22412e-05
5.41193e-11
0.101141
2.09352e-05
-2.83299e-09
3.56201e-08
4.09764e-07
2.09945e-11
-2.60496e-06
-4.64242e-11
0.102076
2.15193e-05
-2.47222e-08
2.32981e-07
4.32802e-07
8.83053e-12
-2.80261e-06
-1.05474e-11
0.103041
2.23561e-05
-1.13545e-08
3.54461e-07
8.32798e-06
1.0596e-11
4.64784e-05
-5.48527e-11
0.103983
2.27467e-05
-1.43765e-09
5.15919e-08
4.61441e-07
-1.46988e-11
-3.02739e-06
3.03577e-11
0.104976
2.36415e-05
1.76811e-08
2.16253e-08
8.69787e-06
-6.2007e-11
4.94952e-05
-1.75072e-10
0.105963
2.43125e-05
-2.44104e-08
4.20544e-07
8.88426e-06
-5.76778e-11
5.12142e-05
-1.58969e-10
0.106947
2.47477e-05
-4.81977e-09
1.39567e-07
5.09476e-07
3.12486e-12
-3.41615e-06
-1.10602e-11
0.107981
2.57293e-05
-1.51995e-08
-3.37573e-07
9.30921e-06
1.99338e-10
5.47262e-05
4.19427e-10
0.109012
2.64724e-05
1.83515e-08
1.49436e-07
9.53265e-06
-1.61237e-10
5.66808e-05
-2.78432e-10
0.11004
2.69612e-05
-2.35155e-09
-4.87104e-08
5.69003e-07
-7.7041e-12
-3.92585e-06
1.65091e-11
0.111119
2.80401e-05
1.99474e-08
2.26903e-07
9.95875e-06
-7.83617e-11
6.04983e-05
-2.84523e-10
0.112176
2.85604e-05
5.46196e-09
-7.87515e-08
6.009e-07
-2.81157e-12
-4.20304e-06
1.50406e-11
0.113268
2.94013e-05
-6.522e-09
8.98548e-08
6.2967e-07
9.20824e-11
-4.45552e-06
-2.11481e-10
0.114395
3.05907e-05
3.58719e-08
6.99437e-07
1.06368e-05
-6.34286e-11
6.67327e-05
-1.74639e-10
0.115499
3.11736e-05
1.20722e-08
-9.39047e-08
6.84122e-07
-7.38842e-11
-4.94584e-06
1.8439e-10
0.11666
3.24452e-05
6.5563e-09
3.49391e-07
1.11303e-05
-1.17156e-10
7.14928e-05
-2.66912e-10
0.116726
3.2517e-05
0.000708034
0.00469072
7.74422e-06
-1.56954e-07
4.52688e-05
-6.02568e-07
0.116807
3.2631e-05
0.00141483
0.00942246
9.27325e-06
-1.40019e-07
5.20175e-05
-5.41449e-07
0.116901
3.27554e-05
0.00211982
0.0141497
1.14482e-05
-1.21145e-07
6.05768e-05
-4.76216e-07
0.117008
3.29069e-05
0.00282604
0.0189182
1.58486e-05
-4.36721e-08
8.18299e-05
-1.89613e-07
0.117127
3.30551e-05
0.00353398
0.0236943
1.85101e-05
-5.44561e-08
8.81393e-05
-2.38414e-07
0.117259
3.32188e-05
0.00424886
0.0285464
2.1973e-05
-5.57288e-08
9.70796e-05
-2.53297e-07
0.117404
3.3401e-05
0.0049751
0.0335312
2.69598e-05
-2.99807e-08
0.00011351
-1.69197e-07
0.117561
3.35959e-05
0.00571775
0.0386848
3.27381e-05
-9.47094e-10
0.000132324
-7.43892e-08
0.117728
3.37837e-05
0.00648009
0.0439904
3.57851e-05
-8.64557e-08
0.000128986
-4.13464e-07
0.117908
3.3995e-05
0.00727291
0.0496356
4.21623e-05
-9.16602e-08
0.000144892
-4.5534e-07
0.11795
3.40925e-05
0.00777088
0.0534377
5.23196e-05
8.97742e-08
0.000197033
2.14028e-07
0.11799
3.41276e-05
0.00827992
0.0571776
5.14238e-05
-9.72357e-08
0.00017035
-5.12854e-07
0.118037
3.42403e-05
0.00882145
0.061461
6.42607e-05
1.40866e-07
0.000238507
3.73238e-07
0.118081
3.42743e-05
0.00937529
0.0656399
6.27392e-05
-1.00138e-07
0.000202655
-5.70081e-07
0.118134
3.44001e-05
0.0099689
0.0705163
7.87006e-05
2.0201e-07
0.000289743
5.64191e-07
0.118183
3.44283e-05
0.0105772
0.0752456
7.66054e-05
-9.80732e-08
0.000243442
-6.2531e-07
0.118241
3.4566e-05
0.0112328
0.0808498
9.61384e-05
2.78772e-07
0.000353121
8.05626e-07
0.118293
3.45848e-05
0.0119054
0.0862579
9.36877e-05
-9.02024e-08
0.000295715
-6.76265e-07
0.118351
3.46709e-05
0.0126248
0.0923984
0.000103663
-8.32719e-08
0.000326794
-6.99074e-07
0.118415
3.48267e-05
0.0133957
0.0994206
0.000129677
4.30698e-07
0.000479323
1.28531e-06
0.118394
3.47783e-05
0.0142742
0.106771
0.000128407
-5.82943e-08
0.000405507
-7.34426e-07
0.118385
3.48884e-05
0.0152305
0.115688
0.000161805
5.84505e-07
0.000602312
1.78095e-06
0.118358
3.56705e-05
0.0162556
0.123531
0.000159884
1.19098e-06
0.000868034
1.96202e-06
0.118357
3.58612e-05
0.0173358
0.137629
0.000182156
7.45768e-07
0.000970991
-1.86989e-07
0.118344
3.61635e-05
0.0184816
0.148123
0.000202788
8.43442e-07
0.0011432
2.28251e-07
0.118336
3.62107e-05
0.0196898
0.160269
0.000226879
9.40941e-07
0.00127916
2.4947e-07
0.118328
3.6391e-05
0.0209844
0.173275
0.000254698
9.64628e-07
0.00143799
9.58174e-07
0.118323
3.6434e-05
0.0223592
0.187875
0.000285312
1.09888e-06
0.00161724
1.16583e-06
0.118316
3.65618e-05
0.0238299
0.203795
0.000321215
1.11829e-06
0.00178684
2.1618e-06
0.118311
3.65949e-05
0.0253966
0.221462
0.000359953
1.28487e-06
0.00201983
2.55136e-06
0.118232
3.66711e-05
0.0271807
0.241749
0.000409154
1.32256e-06
0.00221572
4.10993e-06
0.118153
3.66396e-05
0.0290856
0.264287
0.000461877
1.5544e-06
0.00253003
4.8485e-06
0.118075
3.6608e-05
0.0311241
0.289321
0.000522865
1.92894e-06
0.0029198
6.24939e-06
0.117995
3.66924e-05
0.0333041
0.316903
0.00059196
1.91305e-06
0.00313112
8.17351e-06
0.117916
3.66469e-05
0.0356326
0.347781
0.000669861
2.44258e-06
0.00364952
1.04304e-05
0.117834
3.67104e-05
0.0381179
0.381882
0.00075576
2.54252e-06
0.00390771
1.21641e-05
0.117754
3.66395e-05
0.0407697
0.420104
0.000855035
3.35312e-06
0.00462118
1.58048e-05
0.11767
3.6553e-05
0.04359
0.462205
0.000956302
3.6308e-06
0.00522775
1.64681e-05
0.117588
3.64719e-05
0.0465953
0.509721
0.00108313
4.90687e-06
0.00626355
2.25018e-05
0.117499
3.64396e-05
0.0497775
0.561713
0.00120747
5.05583e-06
0.0067633
2.20023e-05
0.117342
3.62857e-05
0.0533103
0.622331
0.00137471
7.03598e-06
0.00829461
3.17317e-05
0.117178
3.60989e-05
0.0570433
0.688225
0.00152955
7.1057e-06
0.00913492
2.96464e-05
0.117018
3.59423e-05
0.0610047
0.763967
0.00174
1.00445e-05
0.0113328
4.47853e-05
0.116853
3.57506e-05
0.0651769
0.847154
0.00195123
1.1869e-05
0.0132448
5.30486e-05
0.11668
3.5522e-05
0.0695537
0.937509
0.00214741
1.13399e-05
0.0141201
4.48168e-05
0.116516
3.52522e-05
0.0741715
1.04236
0.00243359
1.59293e-05
0.0183231
7.63491e-05
0.116337
3.49729e-05
0.0789726
1.15301
0.00265562
1.45838e-05
0.0191597
6.17003e-05
0.116169
3.47957e-05
0.0840089
1.28379
0.00300285
2.12497e-05
0.0247971
0.000104055
0.115985
3.43497e-05
0.0892122
1.41749
0.00324661
1.82332e-05
0.0255734
8.47984e-05
0.115813
3.42181e-05
0.0946404
1.57918
0.00365713
2.71418e-05
0.0334599
0.00014376
0.117999
3.60516e-05
0.101971
1.81472
0.00412147
3.15709e-05
0.0401994
0.000171022
0.120258
3.78807e-05
0.109645
2.08533
0.00461916
3.59427e-05
0.0476341
0.000204306
0.122596
3.95738e-05
0.11764
2.38992
0.00517318
4.30024e-05
0.0429567
0.000186891
0.125011
4.17482e-05
0.125915
2.75084
0.00572052
4.77764e-05
0.0499215
0.000213375
0.127512
4.40771e-05
0.13444
3.16667
0.0062813
5.2281e-05
0.0568773
0.000238365
0.130103
4.65578e-05
0.143175
3.64485
0.00684404
5.60522e-05
0.0632359
0.000260096
0.13279
4.92103e-05
0.152081
4.1941
0.00739692
5.89457e-05
0.0683037
0.000275227
0.135579
5.20609e-05
0.161115
4.82386
0.00792356
6.04036e-05
0.0706609
0.000279945
0.138476
5.5106e-05
0.170236
5.54463
0.00841037
6.0193e-05
0.0674922
0.000267886
0.141489
5.83953e-05
0.179404
6.36915
0.00883637
5.75185e-05
0.0566661
0.000232903
0.141464
5.57314e-05
0.187326
6.97674
0.00875409
5.45285e-05
-0.296049
-4.3764e-05
0.141444
5.37659e-05
0.195313
8.00808
0.00881909
0.00010229
-0.499237
0.00176159
0.14144
5.21225e-05
0.203119
8.74478
0.00873071
8.41845e-05
-0.910746
0.00110866
0.141474
5.31737e-05
0.210898
9.78858
0.00921276
8.99384e-05
-0.788466
0.00193724
0.141497
5.28743e-05
0.218579
10.7837
0.0093047
8.01009e-05
-0.984208
0.00198922
0.141504
5.09753e-05
0.226145
11.6522
0.00884288
5.08408e-05
-1.76472
0.000764608
0.141558
5.2257e-05
0.233678
12.999
0.00923124
5.27366e-05
-1.50417
0.0020134
0.141541
4.80621e-05
0.241138
14.3086
0.00832844
-1.39096e-05
-2.66049
-0.00201981
0.141602
4.89218e-05
0.248466
15.7712
0.00838142
-2.1752e-05
-2.65238
-0.00127765
0.141633
4.7215e-05
0.255669
16.9966
0.00749844
-6.3498e-05
-3.9492
-0.00350928
0.141628
3.59313e-05
0.263159
19.7514
0.00814282
-0.000108426
-10.6307
0.00514804
0.141601
3.55983e-05
0.270561
21.4355
0.00755187
-0.00014031
-12.37
0.00506191
0.141608
2.79544e-05
0.277842
24.1026
0.00697157
-0.000145936
-17.5772
0.00506799
0.141588
2.66815e-05
0.285052
26.0382
0.00595913
-0.000190359
-21.0851
0.00427176
0.141582
2.68221e-05
0.29218
28.1074
0.00500757
-0.000230971
-23.8895
0.00401236
0.141575
2.63411e-05
0.299211
30.2459
0.00380148
-0.00028242
-27.9503
0.00345516
0.141578
2.58961e-05
0.30615
32.5163
0.00242334
-0.000334086
-32.2185
0.00253888
0.141589
2.58378e-05
0.313001
34.911
0.000950978
-0.000387974
-36.5411
0.00171572
0.141571
1.7373e-05
0.319806
38.8761
0.000249621
-0.000518573
-34.6694
-0.0231764
0.141593
1.67356e-05
0.326474
41.6065
-0.00164861
-0.00058374
-39.9343
-0.0269913
0.141533
1.56291e-05
0.33343
44.45
-0.00383061
-0.00065585
-45.4115
-0.0320788
0.14148
1.50484e-05
0.340304
47.4049
-0.00612838
-0.00073053
-51.581
-0.0368343
0.141436
1.48654e-05
0.347095
50.4992
-0.0085579
-0.000807046
-57.7079
-0.0415398
0.141393
1.3617e-05
0.353795
53.6598
-0.011477
-0.000895495
-66.7796
-0.0485553
0.14136
1.53258e-05
0.360419
57.2014
-0.0139137
-0.000965169
-76.2856
-0.0563845
0.141336
1.28168e-05
0.366939
60.6961
-0.0169317
-0.00107731
-92.7734
-0.0666373
0.141314
1.23648e-05
0.373403
64.2007
-0.0206085
-0.00117525
-103.496
-0.0754415
0.141312
1.37515e-05
0.3798
67.9915
-0.0239868
-0.00126308
-108.33
-0.0798738
0.141299
1.13039e-05
0.386065
72.0118
-0.0281932
-0.0013823
-132.732
-0.100829
0.141314
1.3743e-05
0.392318
76.2093
-0.0319849
-0.00146947
-134.309
-0.105829
0.141232
9.04659e-06
0.398799
79.8573
-0.0368621
-0.00162309
-169.787
-0.123923
0.141178
1.09449e-05
0.405269
84.0413
-0.0409307
-0.00172149
-174.398
-0.128485
0.141095
6.87846e-06
0.411668
86.2052
-0.0449794
-0.00187277
-237.488
-0.175767
0.141044
7.0229e-06
0.417957
90.5187
-0.0503377
-0.00200505
-257.353
-0.189822
0.141011
3.14397e-06
0.424159
94.033
-0.0555858
-0.00215163
-307.079
-0.212703
0.14098
1.24545e-06
0.430292
97.984
-0.0613535
-0.00229816
-348.428
-0.233641
0.140957
-7.02009e-07
0.436355
101.932
-0.0674457
-0.00245049
-394.675
-0.256267
0.140939
-1.05746e-06
0.442351
106.351
-0.0740879
-0.00260391
-431.126
-0.276735
0.140841
-1.75554e-05
0.448321
113.967
-0.0765199
-0.0027953
-131.726
-0.317935
0.140842
-1.94982e-05
0.454171
118.09
-0.0835225
-0.00296012
-162.567
-0.344898
0.140765
-2.15396e-05
0.460298
122.005
-0.0909471
-0.00313667
-199.04
-0.373913
0.140725
-3.39869e-05
0.466306
121.398
-0.0975419
-0.00334413
-406.742
-0.437942
0.140607
-2.69709e-05
0.472323
125.465
-0.103115
-0.00357982
-567.719
-0.482118
0.140557
-2.92586e-05
0.478236
128.739
-0.111683
-0.00377251
-644.811
-0.520976
0.140514
-3.15542e-05
0.484079
131.839
-0.120687
-0.00397089
-730.492
-0.562503
0.140451
-2.31289e-05
0.489904
140.732
-0.131469
-0.00414658
-589.828
-0.563293
0.140425
-2.53457e-05
0.495614
143.865
-0.141357
-0.00435326
-673.436
-0.607546
0.140408
-2.76106e-05
0.501254
146.77
-0.151713
-0.00456457
-766.967
-0.655033
0.140431
-4.11851e-05
0.506774
141.835
-0.161001
-0.00481184
-1181.23
-0.759918
0.140431
-4.37379e-05
0.512285
143.572
-0.172218
-0.00503402
-1326.52
-0.817825
0.140358
-4.63833e-05
0.51805
144.58
-0.184037
-0.00527181
-1487.29
-0.880119
0.140293
-4.90939e-05
0.523745
145.141
-0.19635
-0.00551368
-1664.06
-0.946529
0.140205
-3.94362e-05
0.529438
155.822
-0.21096
-0.00572491
-1406.62
-0.943056
0.140496
-7.91466e-05
0.53408
319.305
-0.202395
-0.00560588
-1618.27
-1.8255
0.140458
-8.04902e-05
0.539595
325.702
-0.215978
-0.00586432
-1792.81
-1.9288
0.140429
-8.19117e-05
0.545043
331.856
-0.230072
-0.00612674
-1982.69
-2.03751
0.140413
-0.000105968
0.550415
282.045
-0.247758
-0.00637271
-3285.16
-2.59106
0.140331
-9.3602e-05
0.555776
275.256
-0.252164
-0.00675163
-4582.03
-2.54713
0.140327
-9.5378e-05
0.561039
274.286
-0.268106
-0.0070296
-5010.09
-2.69883
0.140346
-7.66685e-05
0.566244
341.365
-0.282513
-0.00731359
-3934.01
-2.37375
0.139756
-7.68615e-05
0.57015
344.104
-0.295625
-0.0075321
-4215.91
-2.48008
0.139172
-7.69849e-05
0.574018
346.199
-0.309067
-0.00775286
-4514.62
-2.58865
0.138593
-7.72243e-05
0.577847
347.9
-0.322791
-0.00797681
-4834.72
-2.70171
0.138018
-7.72882e-05
0.581637
348.97
-0.336868
-0.00819829
-5166.8
-2.81823
0.137449
-7.74266e-05
0.585393
349.453
-0.351308
-0.00842526
-5516.67
-2.93892
0.136885
-7.75544e-05
0.589109
349.397
-0.366002
-0.00865331
-5889.29
-3.06156
0.136326
-7.76965e-05
0.592792
348.524
-0.381095
-0.00888393
-6274.9
-3.18873
0.135742
-9.80706e-05
0.59644
237.201
-0.401
-0.00911905
-9264.42
-4.04677
0.13519
-9.81339e-05
0.600053
228.971
-0.417091
-0.00935377
-9853.89
-4.21727
0.134643
-9.82378e-05
0.603631
219.76
-0.433479
-0.00958908
-10473.8
-4.39348
0.134612
-9.84258e-05
0.604109
225.067
-0.445204
-0.00966703
-11080.9
-4.57337
0.134581
-9.84669e-05
0.604576
230.101
-0.45703
-0.00974469
-11706
-4.75517
0.134551
-9.86562e-05
0.605022
235.447
-0.468803
-0.00981856
-12356.9
-4.94246
0.134523
-9.87402e-05
0.605452
240.785
-0.480591
-0.00988934
-13034.1
-5.13325
0.134495
-9.88844e-05
0.60587
246.084
-0.492388
-0.00995968
-13732.7
-5.32831
0.134468
-9.8968e-05
0.606274
251.385
-0.504217
-0.0100279
-14456.8
-5.52606
0.134442
-9.90854e-05
0.606663
256.953
-0.516014
-0.0100939
-15205.1
-5.72769
0.134418
-9.92002e-05
0.60704
262.376
-0.527876
-0.0101579
-15976
-5.93383
0.134393
-9.93088e-05
0.607405
267.858
-0.53969
-0.0102215
-16777.7
-6.14172
0.13437
-9.93864e-05
0.607759
273.382
-0.551564
-0.0102835
-17601
-6.35405
0.134348
-9.9488e-05
0.608101
279.077
-0.563404
-0.010343
-18454.6
-6.57062
0.134326
-9.96056e-05
0.608434
284.765
-0.575262
-0.0104014
-19331.6
-6.79121
0.134304
-9.96696e-05
0.608757
290.266
-0.587139
-0.0104579
-20239.4
-7.01559
0.134284
-9.97879e-05
0.60907
296.086
-0.599019
-0.0105133
-21167.8
-7.24318
0.134264
-9.98643e-05
0.609374
301.902
-0.610911
-0.0105673
-22130.9
-7.47617
0.134244
-9.99632e-05
0.609667
307.764
-0.622744
-0.0106194
-23129
-7.70937
0.134226
-0.000100076
0.609954
313.658
-0.634625
-0.010672
-24147
-7.94923
0.134207
-0.000100141
0.610233
319.574
-0.646519
-0.0107216
-25194.8
-8.19193
0.13419
-0.000100204
0.610504
325.509
-0.658402
-0.0107707
-26281.9
-8.43836
0.134172
-0.000100277
0.610769
331.291
-0.670345
-0.0108197
-27390.2
-8.68665
0.134155
-0.000100366
0.611024
337.514
-0.682209
-0.0108667
-28528.8
-8.94028
0.134139
-0.000100443
0.611274
343.697
-0.694108
-0.0109133
-29705.8
-9.19728
0.134123
-0.000100537
0.611516
349.714
-0.706005
-0.0109572
-30907.1
-9.4591
0.134107
-0.000100605
0.611754
355.923
-0.717979
-0.0110016
-32132.8
-9.72457
0.134092
-0.000100658
0.611986
361.931
-0.729865
-0.0110447
-33414.3
-9.9915
0.134078
-0.000100769
0.612208
368.534
-0.741742
-0.0110857
-34717.4
-10.2657
0.134063
-0.000100808
0.61243
374.558
-0.753709
-0.0111279
-36054.2
-10.5394
0.13405
-0.000100913
0.612644
381.131
-0.765663
-0.0111681
-37410.4
-10.8227
0.134036
-0.000100932
0.612853
387.275
-0.777619
-0.011209
-38814.2
-11.101
0.134022
-0.000101004
0.613056
394.01
-0.789537
-0.0112463
-40248.2
-11.3927
0.13401
-0.000101115
0.613255
400.453
-0.801446
-0.0112846
-41724.9
-11.6832
0.133997
-0.00010114
0.61345
406.921
-0.813394
-0.0113223
-43238.7
-11.9762
0.133984
-0.000101208
0.61364
413.443
-0.82533
-0.0113591
-44779.3
-12.274
0.133972
-0.00010128
0.613826
420.048
-0.837314
-0.0113945
-46349.4
-12.5759
0.133961
-0.000101322
0.614007
426.754
-0.849282
-0.011429
-47963.9
-12.8833
0.133949
-0.000101387
0.614183
433.363
-0.861231
-0.0114635
-49618.1
-13.1909
0.133938
-0.000101427
0.614357
440.028
-0.873132
-0.0114973
-51316.4
-13.5035
0.133927
-0.0001015
0.614527
447.034
-0.885122
-0.0115314
-53032.2
-13.8208
0.133916
-0.000101571
0.614693
453.744
-0.897085
-0.0115627
-54803.3
-14.1414
