1.77 -5.13016e-13 0 82977.6
1.87553 0.715826 0 -78909.2
2.18316 1.37074 0 -5.87902e+07
2.66669 1.90902 0 -3.60965e+10
3.28499 2.28485 0 -3.05086e+13
4.27891 2.70483 0 -6.00965e+17
5.27284 3.12482 0 -1.14501e+22
6.26676 3.54481 0 -2.185e+26
7.26069 3.96479 0 -4.20828e+30
1.3275 -3.84762e-13 0 5745.61
1.96479 1.37885 0 -1.01537e+07
3.11859 2.41523 0 -1.43264e+13
4.9369 3.396 0 -2.95984e+21
6.75521 4.37678 0 -5.35e+29
0.885 -2.56508e-13 0 821.852
1.26519 0.708709 0 -5124.34
1.74643 1.38696 0 -1.58127e+06
2.31562 2.0069 0 -2.4718e+09
2.95219 2.54561 0 -5.85668e+12
3.77657 3.1064 0 -7.16514e+16
4.60096 3.66719 0 -7.74931e+20
5.42535 4.22798 0 -7.98535e+24
6.24973 4.78877 0 -8.04342e+28
0.4425 -1.28254e-13 0 128.947
1.52806 1.39507 0 -175759
2.78579 2.67599 0 -1.18985e+12
4.26502 3.93837 0 -1.43407e+20
5.74426 5.20075 0 -1.06287e+28
0 0 0 4.307
0.654847 0.701592 0 0.594988
1.30969 1.40318 0 17177.9
1.96454 2.10478 0 2.16683e+08
2.61939 2.80637 0 1.62447e+12
3.27424 3.50796 0 1.15563e+16
3.92908 4.20955 0 8.07169e+19
4.58393 4.91115 0 5.59529e+23
5.23878 5.61274 0 3.86597e+27
1.92656e-13 0.885 0 -570.918
1.32496 2.04068 0 1.47216e+07
2.53575 3.36852 0 1.91225e+14
3.63453 4.69662 0 1.41777e+21
4.7333 6.02473 0 1.06008e+28
3.85313e-13 1.77 0 -62015
0.685337 2.17356 0 -413338
1.34022 2.67817 0 2.54748e+09
1.93678 3.27073 0 5.27021e+12
2.45212 3.93068 0 1.14812e+16
2.89605 4.55719 0 1.3477e+19
3.33997 5.1837 0 1.57435e+22
3.7839 5.8102 0 1.83643e+25
4.22783 6.43671 0 2.14252e+28
5.77969e-13 2.655 0 -2.10749e+08
1.35548 3.31566 0 3.68946e+11
2.36848 4.49283 0 6.70526e+17
3.04542 5.67077 0 1.87268e+23
3.72235 6.8487 0 5.14331e+28
7.70625e-13 3.54 0 -7.50271e+11
0.715826 3.64553 0 -1.99147e+12
1.37074 3.95316 0 3.70268e+13
1.90902 4.43669 0 4.66446e+16
2.28485 5.05499 0 3.98718e+19
2.51786 5.60641 0 9.83117e+21
2.75086 6.15784 0 2.42288e+24
2.98387 6.70926 0 5.97127e+26
3.21687 7.26069 0 1.47223e+29
1.78701 -5.13016e-13 1.80314 -25288.4
2.20016 1.37074 1.80314 3.88181e+07
3.30199 2.28485 1.80314 2.0254e+13
5.28134 3.12123 1.80314 6.9754e+21
7.26069 3.95761 1.80314 2.35882e+30
0.893503 -2.56508e-13 1.80314 639.675
1.75538 1.38651 1.80314 923829
2.96159 2.54471 1.80314 3.68273e+12
4.60656 3.66404 1.80314 4.62394e+20
6.25153 4.78338 1.80314 4.59846e+28
0 0 1.80314 -1.97552
1.31059 1.40229 1.80314 -3624.79
2.62119 2.80457 1.80314 -9.2239e+11
3.93178 4.20686 1.80314 -4.58176e+19
5.24237 5.60915 1.80314 -2.19347e+27
3.85313e-13 1.7615 1.80314 8769.44
1.34067 2.66922 1.80314 -1.37884e+09
2.45302 3.92128 1.80314 -6.19903e+15
3.34312 5.1781 1.80314 -8.85844e+21
4.23322 6.43492 1.80314 -1.2562e+28
7.70625e-13 3.52299 1.80314 3.71495e+11
1.37074 3.93615 1.80314 -1.92862e+13
2.28485 5.03798 1.80314 -2.01661e+19
2.75445 6.14933 1.80314 -1.33229e+24
3.22406 7.26069 1.80314 -8.80532e+28
1.83737 -5.13016e-13 3.60628 -22086.5
1.9429 0.715826 3.60628 5042.49
2.25052 1.37074 3.60628 3.3123e+07
2.73405 1.90902 3.60628 2.06026e+10
3.35235 2.28485 3.60628 1.72193e+13
4.32944 2.69772 3.60628 2.85116e+17
5.30652 3.11059 3.60628 4.60083e+21
6.2836 3.52346 3.60628 7.44467e+25
7.26069 3.93633 3.60628 1.21561e+30
1.37802 -3.84762e-13 3.60628 3085.01
2.0162 1.37796 3.60628 5.01159e+06
3.17089 2.41345 3.60628 7.19318e+12
4.96483 3.38266 3.60628 1.13702e+21
6.75877 4.35187 3.60628 1.6044e+29
0.918683 -2.56508e-13 3.60628 686.433
1.29976 0.70782 3.60628 -3857.42
1.78189 1.38518 3.60628 668092
2.35197 2.00423 3.60628 1.14589e+09
2.98943 2.54205 3.60628 2.65965e+12
3.80628 3.09839 3.60628 2.90731e+16
4.62314 3.65473 3.60628 2.86707e+20
5.43999 4.21108 3.60628 2.71092e+24
6.25685 4.76742 3.60628 2.51239e+28
0.459342 -1.28254e-13 3.60628 117.771
1.54757 1.39241 3.60628 63784.3
2.80797 2.67065 3.60628 5.4629e+11
4.28145 3.92681 3.60628 5.31383e+19
5.75493 5.18296 3.60628 3.54233e+27
0 0 3.60628 -2.49475
0.656627 0.699813 3.60628 63.1942
1.31325 1.39963 3.60628 4325.13
1.96988 2.09944 3.60628 -6.53497e+07
2.62651 2.79925 3.60628 -4.92768e+11
3.28313 3.49907 3.60628 -3.50334e+15
3.93976 4.19888 3.60628 -2.44512e+19
4.59639 4.89869 3.60628 -1.69348e+23
5.25301 5.59851 3.60628 -1.16924e+27
1.92656e-13 0.868158 3.60628 -705.375
1.32763 2.02117 3.60628 -4.03194e+06
2.54109 3.34634 3.60628 -5.38215e+13
3.64609 4.6802 3.60628 -4.32946e+20
4.75109 6.01405 3.60628 -3.5074e+27
3.85313e-13 1.73632 3.60628 -6944.35
0.686226 2.13899 3.60628 77236.9
1.342 2.64271 3.60628 -6.40854e+08
1.93945 3.23438 3.60628 -1.31533e+12
2.45568 3.89344 3.60628 -2.85926e+15
2.90405 4.52748 3.60628 -3.64237e+18
3.35243 5.16152 3.60628 -4.61725e+21
3.8008 5.79556 3.60628 -5.84359e+24
4.24918 6.4296 3.60628 -7.39586e+27
5.77969e-13 2.60448 3.60628 4.30585e+07
1.35637 3.26425 3.60628 -8.29456e+10
2.37026 4.44053 3.60628 -1.46743e+17
3.05876 5.64283 3.60628 -5.24284e+22
3.74726 6.84514 3.60628 -1.84355e+28
7.70625e-13 3.47263 3.60628 1.326e+11
0.715826 3.57817 3.60628 3.46475e+11
1.37074 3.88579 3.60628 -7.93362e+12
1.90902 4.36932 3.60628 -9.03149e+15
2.28485 4.98762 3.60628 -7.66597e+18
2.52497 5.55589 3.60628 -2.23046e+21
2.76509 6.12415 3.60628 -6.48793e+23
3.00522 6.69242 3.60628 -1.88814e+26
3.24534 7.26069 3.60628 -5.49831e+28
1.91915 -5.13016e-13 5.40942 263976
2.3323 1.37074 5.40942 -1.87029e+08
3.43414 2.28485 5.40942 -9.66032e+13
5.34741 3.09331 5.40942 -1.71294e+22
7.26069 3.90177 5.40942 -3.03121e+30
0.959575 -2.56508e-13 5.40942 1117.57
1.82494 1.38302 5.40942 -3.01222e+06
3.03464 2.53773 5.40942 -1.13729e+13
4.65006 3.63961 5.40942 -9.64335e+20
6.26549 4.7415 5.40942 -6.88656e+28
0 0 5.40942 4.26409
1.31757 1.39531 5.40942 11372.3
2.63515 2.79061 5.40942 1.29194e+12
3.95272 4.18592 5.40942 6.39938e+19
5.27029 5.58123 5.40942 3.05496e+27
3.85313e-13 1.69543 5.40942 -32533.1
1.34416 2.59966 5.40942 1.35179e+09
2.46 3.84823 5.40942 5.95229e+15
3.36755 5.13459 5.40942 1.17257e+22
4.27509 6.42096 5.40942 2.28921e+28
7.70625e-13 3.39085 5.40942 -1.82058e+11
1.37074 3.80401 5.40942 1.34286e+13
2.28485 4.90584 5.40942 1.16589e+19
2.78237 6.08326 5.40942 1.47512e+24
3.2799 7.26069 5.40942 1.8718e+29
2.02921 -5.13016e-13 7.21256 -468880
2.13474 0.715826 7.21256 -30836.1
2.44237 1.37074 7.21256 3.65558e+08
2.9259 1.90902 7.21256 2.31179e+11
3.5442 2.28485 7.21256 1.89365e+14
4.47332 2.67745 7.21256 1.92752e+18
5.40244 3.07006 7.21256 1.94063e+22
6.33156 3.46266 7.21256 1.96287e+26
7.26069 3.85526 7.21256 2.00184e+30
1.52191 -3.84762e-13 7.21256 2155.74
2.16262 1.37543 7.21256 3.95689e+07
3.31984 2.40838 7.21256 5.61892e+13
5.04437 3.34466 7.21256 4.21379e+21
6.7689 4.28094 7.21256 2.93972e+29
1.01461 -2.56508e-13 7.21256 1010.57
1.39822 0.705286 7.21256 -3770.48
1.88288 1.38012 7.21256 3.85597e+06
2.45549 1.99663 7.21256 6.84203e+09
3.09548 2.53192 7.21256 1.53122e+13
3.89089 3.07559 7.21256 1.24578e+17
4.6863 3.61927 7.21256 9.51039e+20
5.48171 4.16294 7.21256 7.057e+24
6.27712 4.70662 7.21256 5.16319e+28
0.507303 -1.28254e-13 7.21256 150.236
1.60313 1.38481 7.21256 265281
2.87113 2.65545 7.21256 2.80041e+12
4.32823 3.89387 7.21256 1.72508e+20
5.78533 5.1323 7.21256 8.6624e+27
0 0 7.21256 -1.41693
0.661693 0.694747 7.21256 43.2573
1.32339 1.38949 7.21256 -6242.87
1.98508 2.08424 7.21256 -1.1982e+08
2.64677 2.77899 7.21256 -8.94362e+11
3.30847 3.47373 7.21256 -6.34503e+15
3.97016 4.16848 7.21256 -4.42052e+19
4.63185 4.86323 7.21256 -3.0561e+23
5.29354 5.55797 7.21256 -2.10588e+27
1.92656e-13 0.820197 7.21256 -559.619
1.33522 1.96561 7.21256 -6.38236e+06
2.55629 3.28318 7.21256 -8.18579e+13
3.67903 4.63342 7.21256 -8.32487e+20
4.80176 5.98365 7.21256 -8.48556e+27
3.85313e-13 1.64039 7.21256 -29.2426
0.68876 2.04054 7.21256 7293.55
1.34706 2.54172 7.21256 -7.10081e+08
1.94705 3.13086 7.21256 -1.4245e+12
2.46581 3.78738 7.21256 -3.08026e+15
2.92685 4.44287 7.21256 -4.9582e+18
3.38789 5.09836 7.21256 -7.93473e+21
3.84893 5.75384 7.21256 -1.26693e+25
4.30997 6.40933 7.21256 -2.02207e+28
5.77969e-13 2.46059 7.21256 2.71033e+07
1.3589 3.11783 7.21256 -6.60369e+10
2.37533 4.29158 7.21256 -1.09571e+17
3.09676 5.56329 7.21256 -7.90054e+22
3.81819 6.83501 7.21256 -5.61303e+28
7.70625e-13 3.28079 7.21256 5.38054e+10
0.715826 3.38632 7.21256 1.33112e+11
1.37074 3.69394 7.21256 -5.1042e+12
1.90902 4.17748 7.21256 -4.73957e+15
2.28485 4.79578 7.21256 -3.95614e+18
2.54524 5.412 7.21256 -1.84351e+21
2.80563 6.02823 7.21256 -8.59773e+23
3.06602 6.64446 7.21256 -4.01508e+26
3.3264 7.26069 7.21256 -1.8778e+29
2.16332 -5.13016e-13 9.0157 -109631
2.57648 1.37074 9.0157 7.08604e+07
3.67831 2.28485 9.0157 3.69328e+13
5.4695 3.04172 9.0157 1.94781e+21
7.26069 3.79859 9.0157 1.04056e+29
1.08166 -2.56508e-13 9.0157 1210.04
1.95347 1.37658 9.0157 460050
3.16962 2.52483 9.0157 1.86648e+12
4.73045 3.59448 9.0157 8.03794e+19
6.29128 4.66412 9.0157 3.13021e+27
0 0 9.0157 -2.96426
1.33047 1.38241 9.0157 10904
2.66094 2.76482 9.0157 -4.70191e+10
3.99141 4.14723 9.0157 -2.32329e+18
5.32188 5.52964 9.0157 -1.10462e+26
3.85313e-13 1.57334 9.0157 -11168.7
1.35061 2.47112 9.0157 -2.74286e+07
2.47289 3.71324 9.0157 -1.18772e+14
3.41268 5.0542 9.0157 -4.24645e+20
4.35248 6.39516 9.0157 -1.49787e+27
7.70625e-13 3.14668 9.0157 1.04339e+09
1.37074 3.55983 9.0157 -1.30898e+11
2.28485 4.66167 9.0157 -9.1305e+16
2.83396 5.96118 9.0157 -3.83489e+22
3.38307 7.26069 9.0157 -1.62288e+28
2.31633 -5.13016e-13 10.8188 7.92037e+06
2.42186 0.715826 10.8188 7.57973e+06
2.72948 1.37074 10.8188 -3.77424e+09
3.21301 1.90902 10.8188 -2.46373e+12
3.83131 2.28485 10.8188 -1.99464e+15
4.68866 2.64712 10.8188 -9.93818e+18
5.546 3.0094 10.8188 -4.94632e+22
6.40334 3.37167 10.8188 -2.47482e+26
7.26069 3.73394 10.8188 -1.24666e+30
1.73724 -3.84762e-13 10.8188 58322.6
2.38175 1.37164 10.8188 -2.44973e+08
3.54276 2.4008 10.8188 -3.48804e+14
5.16341 3.28779 10.8188 -8.82466e+21
6.78407 4.17478 10.8188 -2.14846e+29
1.15816 -2.56508e-13 10.8188 2587.28
1.54557 0.701495 10.8188 -14589.5
2.03402 1.37253 10.8188 -1.48462e+07
2.61042 1.98525 10.8188 -2.67299e+10
3.25421 2.51675 10.8188 -5.82158e+13
4.01752 3.04147 10.8188 -3.17194e+17
4.78083 3.56619 10.8188 -1.67239e+21
5.54414 4.09091 10.8188 -8.67884e+24
6.30745 4.61563 10.8188 -4.4671e+28
0.579081 -1.28254e-13 10.8188 235.367
1.68628 1.37343 10.8188 -745881
2.96566 2.6327 10.8188 -7.52799e+12
4.39824 3.84459 10.8188 -2.80013e+20
5.83083 5.05647 10.8188 -9.49932e+27
0 0 10.8188 4.13598
0.669276 0.687164 10.8188 -25.0664
1.33855 1.37433 10.8188 -2464.5
2.00783 2.06149 10.8188 6.87106e+07
2.6771 2.74866 10.8188 5.19158e+11
3.34638 3.43582 10.8188 3.67685e+15
4.01565 4.12299 10.8188 2.55706e+19
4.68493 4.81015 10.8188 1.76433e+23
5.35421 5.49731 10.8188 1.21352e+27
1.92656e-13 0.748419 10.8188 -351.817
1.3466 1.88245 10.8188 3.62887e+06
2.57904 3.18866 10.8188 4.4387e+13
3.72831 4.56341 10.8188 6.46619e+20
4.87759 5.93816 10.8188 9.333e+27
3.85313e-13 1.49684 10.8188 -7679.28
0.692551 1.89319 10.8188 66079.6
1.35465 2.39058 10.8188 2.40954e+08
1.95842 2.97593 10.8188 4.69112e+11
2.48098 3.62866 10.8188 1.00968e+15
2.96097 4.31624 10.8188 2.31364e+18
3.44097 5.00383 10.8188 5.25668e+21
3.92097 5.69141 10.8188 1.18956e+25
4.40097 6.379 10.8188 2.68771e+28
5.77969e-13 2.24526 10.8188 -3.95088e+06
1.36269 2.8987 10.8188 1.34775e+10
2.38291 4.06866 10.8188 2.08582e+16
3.15363 5.44425 10.8188 4.30948e+22
3.92435 6.81984 10.8188 8.76933e+28
7.70625e-13 2.99367 10.8188 -4.08842e+09
0.715826 3.09921 10.8188 -8.98232e+09
1.37074 3.40683 10.8188 6.78845e+11
1.90902 3.89036 10.8188 5.28042e+14
2.28485 4.50866 10.8188 4.33029e+17
2.57557 5.19667 10.8188 4.08216e+20
2.86629 5.88467 10.8188 3.85542e+23
3.15701 6.57268 10.8188 3.65173e+26
3.44773 7.26069 10.8188 3.46903e+29
2.48235 -5.13016e-13 12.622 -3.94126e+07
2.8955 1.37074 12.622 1.50608e+10
3.99733 2.28485 12.622 8.16293e+15
5.62901 2.97432 12.622 8.94611e+22
7.26069 3.66379 12.622 9.97271e+29
1.24117 -2.56508e-13 12.622 2176.97
2.12141 1.36815 12.622 3.22398e+07
3.34599 2.50798 12.622 1.29792e+14
4.83548 3.5355 12.622 2.42882e+21
6.32498 4.56301 12.622 4.31722e+28
0 0 12.622 -0.830489
1.34732 1.36556 12.622 -1085.19
2.69464 2.73112 12.622 -2.89783e+11
4.04196 4.09668 12.622 -1.42547e+19
5.38928 5.46224 12.622 -6.7582e+26
3.85313e-13 1.41383 12.622 -3626.52
1.35903 2.30318 12.622 -1.34291e+08
2.48974 3.53688 12.622 -5.54474e+14
3.47166 4.94917 12.622 -4.35291e+21
4.45358 6.36146 12.622 -3.3319e+28
7.70625e-13 2.82765 12.622 9.65956e+08
1.37074 3.24081 12.622 -2.13343e+11
2.28485 4.34264 12.622 -1.26736e+17
2.90136 5.80166 12.622 -2.54899e+23
3.51788 7.26069 12.622 -5.19638e+29
2.655 -5.13016e-13 14.4251 4.78215e+07
2.76053 0.715826 14.4251 8.17487e+07
3.06816 1.37074 14.4251 -1.40668e+10
3.55169 1.90902 14.4251 -9.76957e+12
4.16999 2.28485 14.4251 -7.91924e+15
4.94266 2.61134 14.4251 -1.7137e+19
5.71534 2.93784 14.4251 -3.71717e+22
6.48801 3.26434 14.4251 -8.09763e+25
7.26069 3.59083 14.4251 -1.77256e+29
1.99125 -3.84762e-13 14.4251 109955
2.64023 1.36717 14.4251 -4.97419e+08
3.80571 2.39186 14.4251 -7.30253e+14
5.30383 3.22071 14.4251 -5.24879e+21
6.80195 4.04956 14.4251 -3.69411e+28
1.3275 -2.56508e-13 14.4251 2931.06
1.71938 0.697023 14.4251 -20131.1
2.2123 1.36359 14.4251 -1.63244e+07
2.79317 1.97184 14.4251 -3.07773e+10
3.44143 2.49886 14.4251 -6.62948e+13
4.16688 3.00122 14.4251 -2.3233e+17
4.89233 3.50358 14.4251 -8.01189e+20
5.61778 4.00594 14.4251 -2.74102e+24
6.34322 4.5083 14.4251 -9.33924e+27
0.66375 -1.28254e-13 14.4251 264.768
1.78437 1.36002 14.4251 -439972
3.07716 2.60587 14.4251 -5.13139e+12
4.48082 3.78645 14.4251 -1.16709e+20
5.88449 4.96703 14.4251 -2.56169e+27
0 0 14.4251 -3.37495
0.67822 0.67822 14.4251 34.0702
1.35644 1.35644 14.4251 10185
2.03466 2.03466 14.4251 1.04013e+06
2.71288 2.71288 14.4251 9.12048e+07
3.3911 3.3911 14.4251 7.63993e+09
4.06932 4.06932 14.4251 6.29147e+11
4.74754 4.74754 14.4251 5.14584e+13
5.42576 5.42576 14.4251 4.19745e+15
1.92656e-13 0.66375 14.4251 -325.478
1.36002 1.78437 14.4251 523075
2.60587 3.07716 14.4251 5.13181e+12
3.78645 4.48082 14.4251 1.16709e+20
4.96703 5.88449 14.4251 2.56169e+27
3.85313e-13 1.3275 14.4251 -4829.74
0.697023 1.71938 14.4251 14602.7
1.36359 2.2123 14.4251 1.66041e+07
1.97184 2.79317 14.4251 3.07966e+10
2.49886 3.44143 14.4251 6.62958e+13
3.00122 4.16688 14.4251 2.3233e+17
3.50358 4.89233 14.4251 8.01189e+20
4.00594 5.61778 14.4251 2.74102e+24
4.5083 6.34322 14.4251 9.33924e+27
5.77969e-13 1.99125 14.4251 -157089
1.36717 2.64023 14.4251 4.98058e+08
2.39186 3.80571 14.4251 7.30255e+14
3.22071 5.30383 14.4251 5.24879e+21
4.04956 6.80195 14.4251 3.69411e+28
7.70625e-13 2.655 14.4251 -4.88783e+07
0.715826 2.76053 14.4251 -8.33252e+07
1.37074 3.06816 14.4251 1.40656e+10
1.90902 3.55169 14.4251 9.7697e+12
2.28485 4.16999 14.4251 7.91924e+15
2.61134 4.94266 14.4251 1.7137e+19
2.93784 5.71534 14.4251 3.71717e+22
3.26434 6.48801 14.4251 8.09763e+25
3.59083 7.26069 14.4251 1.77256e+29
2.82765 -5.13016e-13 16.2283 6.92853e+08
3.24081 1.37074 16.2283 -1.52577e+11
4.34264 2.28485 16.2283 -9.06398e+16
5.80166 2.90136 16.2283 -1.823e+23
7.26069 3.51788 16.2283 -3.71639e+29
1.41383 -2.56508e-13 16.2283 8022.13
2.30318 1.35903 16.2283 -9.65736e+07
3.53688 2.48974 16.2283 -3.96554e+14
4.94917 3.47166 16.2283 -3.11315e+21
6.36146 4.45358 16.2283 -2.38294e+28
0 0 16.2283 3.92623
1.36556 1.34732 16.2283 -16050
2.73112 2.69464 16.2283 -2.07371e+11
4.09668 4.04196 16.2283 -1.01948e+19
5.46224 5.38928 16.2283 -4.83338e+26
3.85313e-13 1.24117 16.2283 -2200.22
1.36815 2.12141 16.2283 2.31112e+07
2.50798 3.34599 16.2283 9.28252e+13
3.5355 4.83548 16.2283 1.73706e+21
4.56301 6.32498 16.2283 3.08762e+28
7.70625e-13 2.48235 16.2283 -2.80728e+07
1.37074 2.8955 16.2283 1.07719e+10
2.28485 3.99733 16.2283 5.83802e+15
2.97432 5.62901 16.2283 6.39815e+22
3.66379 7.26069 16.2283 7.13236e+29
2.99367 -5.13016e-13 18.0314 -4.81844e+09
3.09921 0.715826 18.0314 -1.05853e+10
3.40683 1.37074 18.0314 7.99533e+11
3.89036 1.90902 18.0314 6.21932e+14
4.50866 2.28485 18.0314 5.10026e+17
5.19667 2.57557 18.0314 4.808e+20
5.88467 2.86629 18.0314 4.54095e+23
6.57268 3.15701 18.0314 4.30104e+26
7.26069 3.44773 18.0314 4.08586e+29
2.24526 -3.84762e-13 18.0314 -4.62859e+06
2.8987 1.36269 18.0314 1.58731e+10
4.06866 2.38291 18.0314 2.4567e+16
5.44425 3.15363 18.0314 5.07575e+22
6.81984 3.92435 18.0314 1.03286e+29
1.49684 -2.56508e-13 18.0314 2423.88
1.89319 0.692551 18.0314 32457.9
2.39058 1.35465 18.0314 2.83648e+08
2.97593 1.95842 18.0314 5.52546e+11
3.62866 2.48098 18.0314 1.18921e+15
4.31624 2.96097 18.0314 2.72503e+18
5.00383 3.44097 18.0314 6.19136e+21
5.69141 3.92097 18.0314 1.40107e+25
6.379 4.40097 18.0314 3.16561e+28
0.748419 -1.28254e-13 18.0314 401.378
1.88245 1.3466 18.0314 4.21915e+06
3.18866 2.57904 18.0314 5.22799e+13
4.56341 3.72831 18.0314 7.61594e+20
5.93816 4.87759 18.0314 1.09925e+28
0 0 18.0314 -0.226749
0.687164 0.669276 18.0314 -13.4039
1.37433 1.33855 18.0314 8393.2
2.06149 2.00783 18.0314 8.24509e+07
2.74866 2.6771 18.0314 6.11606e+11
3.43582 3.34638 18.0314 4.33063e+15
4.12299 4.01565 18.0314 3.01173e+19
4.81015 4.68493 18.0314 2.07804e+23
5.49731 5.35421 18.0314 1.42929e+27
1.92656e-13 0.579081 18.0314 -211.772
1.37343 1.68628 18.0314 -766113
2.6327 2.96566 18.0314 -8.86628e+12
3.84459 4.39824 18.0314 -3.29802e+20
5.05647 5.83083 18.0314 -1.11884e+28
3.85313e-13 1.15816 18.0314 -1811.26
0.701495 1.54557 18.0314 696.961
1.37253 2.03402 18.0314 -1.71396e+07
1.98525 2.61042 18.0314 -3.14732e+10
2.51675 3.25421 18.0314 -6.85666e+13
3.04147 4.01752 18.0314 -3.73594e+17
3.56619 4.78083 18.0314 -1.96975e+21
4.09091 5.54414 18.0314 -1.0222e+25
4.61563 6.30745 18.0314 -5.26139e+28
5.77969e-13 1.73724 18.0314 25052.8
1.37164 2.38175 18.0314 -2.87748e+08
2.4008 3.54276 18.0314 -4.10823e+14
3.28779 5.16341 18.0314 -1.03938e+22
4.17478 6.78407 18.0314 -2.53047e+29
7.70625e-13 2.31633 18.0314 8.99304e+06
0.715826 2.42186 18.0314 8.74285e+06
1.37074 2.72948 18.0314 -4.44402e+09
1.90902 3.21301 18.0314 -2.90176e+12
2.28485 3.83131 18.0314 -2.3493e+15
2.64712 4.68866 18.0314 -1.17053e+19
3.0094 5.546 18.0314 -5.82582e+22
3.37167 6.40334 18.0314 -2.91487e+26
3.73394 7.26069 18.0314 -1.46833e+30
3.14668 -5.13016e-13 19.8345 9.7653e+09
3.55983 1.37074 19.8345 -1.21974e+12
4.66167 2.28485 19.8345 -8.50917e+17
5.96118 2.83396 19.8345 -3.57392e+23
7.26069 3.38307 19.8345 -1.51244e+29
1.57334 -2.56508e-13 19.8345 9620.11
2.47112 1.35061 19.8345 -2.59691e+08
3.71324 2.47289 19.8345 -1.10691e+15
5.0542 3.41268 19.8345 -3.95748e+21
6.39516 4.35248 19.8345 -1.39594e+28
0 0 19.8345 -3.71832
1.38241 1.33047 19.8345 1619.97
2.76482 2.66094 19.8345 -4.38842e+11
4.14723 3.99141 19.8345 -2.16519e+19
5.52964 5.32188 19.8345 -1.02945e+27
3.85313e-13 1.08166 19.8345 -1795.72
1.37658 1.95347 19.8345 4.56092e+06
2.52483 3.16962 19.8345 1.73931e+13
3.59448 4.73045 19.8345 7.49095e+20
4.66412 6.29128 19.8345 2.9172e+28
7.70625e-13 2.16332 19.8345 -1.19033e+06
1.37074 2.57648 19.8345 6.61224e+08
2.28485 3.67831 19.8345 3.44192e+14
3.04172 5.4695 19.8345 1.81526e+22
3.79859 7.26069 19.8345 9.69748e+29
3.28079 -5.13016e-13 21.6377 2.93085e+10
3.38632 0.715826 21.6377 7.24956e+10
3.69394 1.37074 21.6377 -2.77898e+12
4.17748 1.90902 21.6377 -2.58052e+15
4.79578 2.28485 21.6377 -2.15397e+18
5.412 2.54524 21.6377 -1.00372e+21
6.02823 2.80563 21.6377 -4.68114e+23
6.64446 3.06602 21.6377 -2.18606e+26
7.26069 3.3264 21.6377 -1.02239e+29
2.46059 -3.84762e-13 21.6377 1.52089e+07
3.11783 1.3589 21.6377 -3.59539e+10
4.29158 2.37533 21.6377 -5.96572e+16
5.56329 3.09676 21.6377 -4.30155e+22
6.83501 3.81819 21.6377 -3.05609e+28
1.64039 -2.56508e-13 21.6377 22829.9
2.04054 0.68876 21.6377 5426.41
2.54172 1.34706 21.6377 -3.87345e+08
3.13086 1.94705 21.6377 -7.7562e+11
3.78738 2.46581 21.6377 -1.67709e+15
4.44287 2.92685 21.6377 -2.69955e+18
5.09836 3.38789 21.6377 -4.32016e+21
5.75384 3.84893 21.6377 -6.89796e+24
6.40933 4.30997 21.6377 -1.10094e+28
0.820197 -1.28254e-13 21.6377 613.001
1.96561 1.33522 21.6377 -3.67891e+06
3.28318 2.55629 21.6377 -4.4569e+13
4.63342 3.67903 21.6377 -4.53258e+20
5.98365 4.80176 21.6377 -4.62007e+27
0 0 21.6377 3.63758
0.694747 0.661693 21.6377 -66.5191
1.38949 1.32339 21.6377 -21989
2.08424 1.98508 21.6377 -6.66564e+07
2.77899 2.64677 21.6377 -4.87066e+11
3.47373 3.30847 21.6377 -3.45464e+15
4.16848 3.97016 21.6377 -2.40681e+19
4.86323 4.63185 21.6377 -1.66393e+23
5.55797 5.29354 21.6377 -1.14657e+27
1.92656e-13 0.507303 21.6377 -141.655
1.38481 1.60313 21.6377 138857
2.65545 2.87113 21.6377 1.52455e+12
3.89387 4.32823 21.6377 9.39239e+19
5.1323 5.78533 21.6377 4.71635e+27
3.85313e-13 1.01461 21.6377 -933.384
0.705286 1.39822 21.6377 7176.96
1.38012 1.88288 21.6377 2.1158e+06
1.99663 2.45549 21.6377 3.72095e+09
2.53192 3.09548 21.6377 8.33671e+12
3.07559 3.89089 21.6377 6.78283e+16
3.61927 4.6863 21.6377 5.17805e+20
4.16294 5.48171 21.6377 3.84227e+24
4.70662 6.27712 21.6377 2.81116e+28
5.77969e-13 1.52191 21.6377 -7028.95
1.37543 2.16262 21.6377 2.15778e+07
2.40838 3.31984 21.6377 3.05926e+13
3.34466 5.04437 21.6377 2.29425e+21
4.28094 6.7689 21.6377 1.60057e+29
7.70625e-13 2.02921 21.6377 -274801
0.715826 2.13474 21.6377 57136.2
1.37074 2.44237 21.6377 1.99071e+08
1.90902 2.9259 21.6377 1.25855e+11
2.28485 3.5442 21.6377 1.03102e+14
2.67745 4.47332 21.6377 1.04946e+18
3.07006 5.40244 21.6377 1.0566e+22
3.46266 6.33156 21.6377 1.06871e+26
3.85526 7.26069 21.6377 1.08993e+30
3.39085 -5.13016e-13 23.4408 -1.86618e+11
3.80401 1.37074 23.4408 1.37635e+13
4.90584 2.28485 23.4408 1.19497e+19
6.08326 2.78237 23.4408 1.51192e+24
7.26069 3.2799 23.4408 1.9185e+29
1.69543 -2.56508e-13 23.4408 -13276.4
2.59966 1.34416 23.4408 1.38522e+09
3.84823 2.46 23.4408 6.10079e+15
5.13459 3.36755 23.4408 1.20182e+22
6.42096 4.27509 23.4408 2.34632e+28
0 0 23.4408 0.381552
1.39531 1.31757 23.4408 15424.9
2.79061 2.63515 23.4408 1.32428e+12
4.18592 3.95272 23.4408 6.55903e+19
5.58123 5.27029 23.4408 3.13118e+27
3.85313e-13 0.959575 23.4408 -870.068
1.38302 1.82494 23.4408 -2.9236e+06
2.53773 3.03464 23.4408 -1.16564e+13
3.63961 4.65006 23.4408 -9.88393e+20
4.7415 6.26549 23.4408 -7.05836e+28
7.70625e-13 1.91915 23.4408 197041
1.37074 2.3323 23.4408 -1.91082e+08
2.28485 3.43414 23.4408 -9.9013e+13
3.09331 5.34741 23.4408 -1.75567e+22
3.90177 7.26069 23.4408 -3.10683e+30
3.47263 -5.13016e-13 25.244 2.87641e+11
3.57817 0.715826 25.244 7.51572e+11
3.88579 1.37074 25.244 -1.72091e+13
4.36932 1.90902 25.244 -1.95906e+16
4.98762 2.28485 25.244 -1.66286e+19
5.55589 2.52497 25.244 -4.8382e+21
6.12415 2.76509 25.244 -1.40733e+24
6.69242 3.00522 25.244 -4.09565e+26
7.26069 3.24534 25.244 -1.19266e+29
2.60448 -3.84762e-13 25.244 9.40724e+07
3.26425 1.35637 25.244 -1.79922e+11
4.44053 2.37026 25.244 -3.18307e+17
5.64283 3.05876 25.244 -1.13725e+23
6.84514 3.74726 25.244 -3.99893e+28
1.73632 -2.56508e-13 25.244 35822.7
2.13899 0.686226 25.244 132321
2.64271 1.342 25.244 -1.3912e+09
3.23438 1.93945 25.244 -2.85316e+12
3.89344 2.45568 25.244 -6.20216e+15
4.52748 2.90405 25.244 -7.90083e+18
5.16152 3.35243 25.244 -1.00155e+22
5.79556 3.8008 25.244 -1.26756e+25
6.4296 4.24918 25.244 -1.60427e+28
0.868158 -1.28254e-13 25.244 542.977
2.02117 1.32763 25.244 -9.06317e+06
3.34634 2.54109 25.244 -1.16747e+14
4.6802 3.64609 25.244 -9.39124e+20
6.01405 4.75109 25.244 -7.60805e+27
0 0 25.244 -3.98673
0.699813 0.656627 25.244 -0.0707256
1.39963 1.31325 25.244 -9163.75
2.09944 1.96988 25.244 -1.42357e+08
2.79925 2.62651 25.244 -1.06892e+12
3.49907 3.28313 25.244 -7.59926e+15
4.19888 3.93976 25.244 -5.30383e+19
4.89869 4.59639 25.244 -3.67339e+23
5.59851 5.25301 25.244 -2.53626e+27
1.92656e-13 0.459342 25.244 -138.585
1.39241 1.54757 25.244 167353
2.67065 2.80797 25.244 1.18494e+12
3.92681 4.28145 25.244 1.15265e+20
5.18296 5.75493 25.244 7.68383e+27
3.85313e-13 0.918683 25.244 -928.88
0.70782 1.29976 25.244 5509.54
1.38518 1.78189 25.244 1.56685e+06
2.00423 2.35197 25.244 2.4851e+09
2.54205 2.98943 25.244 5.76913e+12
3.09839 3.80628 25.244 6.30638e+16
3.65473 4.62314 25.244 6.21908e+20
4.21108 5.43999 25.244 5.88039e+24
4.76742 6.25685 25.244 5.44973e+28
5.77969e-13 1.37802 25.244 -6857.15
1.37796 2.0162 25.244 1.11247e+07
2.41345 3.17089 25.244 1.5603e+13
3.38266 4.96483 25.244 2.46637e+21
4.35187 6.75877 25.244 3.48018e+29
7.70625e-13 1.83737 25.244 -108871
0.715826 1.9429 25.244 73044.3
1.37074 2.25052 25.244 7.22889e+07
1.90902 2.73405 25.244 4.46892e+10
2.28485 3.35235 25.244 3.73512e+13
2.69772 4.32944 25.244 6.18458e+17
3.11059 5.30652 25.244 9.97987e+21
3.52346 6.2836 25.244 1.61486e+26
3.93633 7.26069 25.244 2.63683e+30
3.52299 -5.13016e-13 27.0471 1.0095e+11
3.93615 1.37074 27.0471 -5.23889e+12
5.03798 2.28485 27.0471 -5.4781e+18
6.14933 2.75445 27.0471 -3.61915e+23
7.26069 3.22406 27.0471 -2.39196e+28
1.7615 -2.56508e-13 27.0471 32126.8
2.66922 1.34067 27.0471 -3.75247e+08
3.92128 2.45302 27.0471 -1.68396e+15
5.1781 3.34312 27.0471 -2.40639e+21
6.43492 4.23322 27.0471 -3.41246e+27
0 0 27.0471 3.27636
1.40229 1.31059 27.0471 -18492.3
2.80457 2.62119 27.0471 -2.5067e+11
4.20686 3.93178 27.0471 -1.24463e+19
5.60915 5.24237 27.0471 -5.95856e+26
3.85313e-13 0.893503 27.0471 -609.414
1.38651 1.75538 27.0471 252581
2.54471 2.96159 27.0471 1.00028e+12
3.66404 4.60656 27.0471 1.25609e+20
4.78338 6.25153 27.0471 1.24917e+28
7.70625e-13 1.78701 27.0471 -19377.9
1.37074 2.20016 27.0471 1.05687e+07
2.28485 3.30199 27.0471 5.50181e+12
3.12123 5.28134 27.0471 1.89486e+21
3.95761 7.26069 27.0471 6.40771e+29
3.54 -5.13016e-13 28.8502 -6.72259e+11
3.64553 0.715826 28.8502 -1.78438e+12
3.95316 1.37074 28.8502 3.31754e+13
4.43669 1.90902 28.8502 4.1793e+16
5.05499 2.28485 28.8502 3.57247e+19
5.60641 2.51786 28.8502 8.80861e+21
6.15784 2.75086 28.8502 2.17087e+24
6.70926 2.98387 28.8502 5.35019e+26
7.26069 3.21687 28.8502 1.3191e+29
2.655 -3.84762e-13 28.8502 -1.88947e+08
3.31566 1.35548 28.8502 3.30565e+11
4.49283 2.36848 28.8502 6.00783e+17
5.67077 3.04542 28.8502 1.6779e+23
6.8487 3.72235 28.8502 4.60834e+28
1.77 -2.56508e-13 28.8502 -30655.6
2.17356 0.685337 28.8502 -434800
2.67817 1.34022 28.8502 2.28209e+09
3.27073 1.93678 28.8502 4.72207e+12
3.93068 2.45212 28.8502 1.0287e+16
4.55719 2.89605 28.8502 1.20752e+19
5.1837 3.33997 28.8502 1.4106e+22
5.8102 3.7839 28.8502 1.64542e+25
6.43671 4.22783 28.8502 1.91967e+28
0.885 -1.28254e-13 28.8502 702.806
2.04068 1.32496 28.8502 1.30732e+07
3.36852 2.53575 28.8502 1.71336e+14
4.69662 3.63453 28.8502 1.2703e+21
6.02473 4.7333 28.8502 9.49816e+27
0 0 28.8502 0.982203
0.701592 0.654847 28.8502 -50.5719
1.40318 1.30969 28.8502 14778.2
2.10478 1.96454 28.8502 1.94921e+08
2.80637 2.61939 28.8502 1.45559e+12
3.50796 3.27424 28.8502 1.03543e+16
4.20955 3.92908 28.8502 7.23214e+19
4.91115 4.58393 28.8502 5.01331e+23
5.61274 5.23878 28.8502 3.46387e+27
1.92656e-13 0.4425 28.8502 -113.106
1.39507 1.52806 28.8502 -120338
2.67599 2.78579 28.8502 -1.066e+12
3.93837 4.26502 28.8502 -1.28491e+20
5.20075 5.74426 28.8502 -9.52321e+27
3.85313e-13 0.885 28.8502 -645.581
0.708709 1.26519 28.8502 2945.87
1.38696 1.74643 28.8502 -1.31073e+06
2.0069 2.31562 28.8502 -2.21235e+09
2.54561 2.95219 28.8502 -5.24742e+12
3.1064 3.77657 28.8502 -6.41988e+16
3.66719 4.60096 28.8502 -6.94329e+20
4.22798 5.42535 28.8502 -7.15478e+24
4.78877 6.24973 28.8502 -7.20681e+28
5.77969e-13 1.3275 28.8502 -2652.27
1.37885 1.96479 28.8502 -8.8815e+06
2.41523 3.11859 28.8502 -1.28361e+13
3.396 4.9369 28.8502 -2.65198e+21
4.37678 6.75521 28.8502 -4.79354e+29
7.70625e-13 1.77 28.8502 35436.1
0.715826 1.87553 28.8502 -44938.1
1.37074 2.18316 28.8502 -5.22985e+07
1.90902 2.66669 28.8502 -3.23367e+10
2.28485 3.28499 28.8502 -2.73352e+13
2.70483 4.27891 28.8502 -5.38457e+17
3.12482 5.27284 28.8502 -1.02592e+22
3.54481 6.26676 28.8502 -1.95773e+26
3.96479 7.26069 28.8502 -3.77057e+30
