1.77 -5.13016e-13 0 -0.000942232
1.3275 -3.84762e-13 0 0.00140213
0.885 -2.56508e-13 0 -0.00265605
1.26519 0.708709 0 -0.000889588
0.4425 -1.28254e-13 0 0.00299424
0 0 0 0.000167519
0.654847 0.701592 0 0.000831772
1.92656e-13 0.885 0 -0.000368408
3.85313e-13 1.77 0 0.000601207
0.893503 -2.56508e-13 1.80314 -0.00235321
0 0 1.80314 0.000719995
3.85313e-13 1.7615 1.80314 0.00100719
1.37802 -3.84762e-13 3.60628 0.00186774
0.918683 -2.56508e-13 3.60628 -0.00276506
1.29976 0.70782 3.60628 -0.000264528
0.459342 -1.28254e-13 3.60628 0.00295375
0 0 3.60628 6.73578e-05
0.656627 0.699813 3.60628 0.000765851
1.92656e-13 0.868158 3.60628 -0.000930226
3.85313e-13 1.73632 3.60628 -0.000709486
0.959575 -2.56508e-13 5.40942 -0.00240067
0 0 5.40942 0.000671447
3.85313e-13 1.69543 5.40942 -0.000793039
1.52191 -3.84762e-13 7.21256 0.00260724
1.01461 -2.56508e-13 7.21256 -0.00300076
1.39822 0.705286 7.21256 0.00127002
0.507303 -1.28254e-13 7.21256 0.00287439
0 0 7.21256 -6.88684e-05
0.661693 0.694747 7.21256 0.000733432
1.92656e-13 0.820197 7.21256 -0.001738
3.85313e-13 1.64039 7.21256 -0.00156217
1.08166 -2.56508e-13 9.0157 -0.00256392
0 0 9.0157 0.000583122
3.85313e-13 1.57334 9.0157 -0.000317907
1.73724 -3.84762e-13 10.8188 0.00256604
1.15816 -2.56508e-13 10.8188 -0.00326713
1.54557 0.701495 10.8188 0.0023475
0.579081 -1.28254e-13 10.8188 0.00265736
0 0 10.8188 -7.11135e-05
0.669276 0.687164 10.8188 0.000583592
1.92656e-13 0.748419 10.8188 -0.00201838
3.85313e-13 1.49684 10.8188 0.000539634
1.24117 -2.56508e-13 12.622 -0.00281023
0 0 12.622 0.000255626
3.85313e-13 1.41383 12.622 0.00190625
1.3275 -2.56508e-13 14.4251 -0.00279081
0.66375 -1.28254e-13 14.4251 0.00226624
0 0 14.4251 9.74511e-07
0.67822 0.67822 14.4251 7.26418e-07
1.92656e-13 0.66375 14.4251 -0.00226441
3.85313e-13 1.3275 14.4251 0.00279269
1.41383 -2.56508e-13 16.2283 -0.0019063
0 0 16.2283 -0.000255794
3.85313e-13 1.24117 16.2283 0.00281005
1.49684 -2.56508e-13 18.0314 -0.000540402
0.748419 -1.28254e-13 18.0314 0.00201761
0 0 18.0314 7.13654e-05
0.687164 0.669276 18.0314 -0.000584346
1.92656e-13 0.579081 18.0314 -0.0026581
3.85313e-13 1.15816 18.0314 0.00326642
0.701495 1.54557 18.0314 -0.00234927
5.77969e-13 1.73724 18.0314 -0.0025677
1.57334 -2.56508e-13 19.8345 0.000316425
0 0 19.8345 -0.000584571
3.85313e-13 1.08166 19.8345 0.00256357
1.64039 -2.56508e-13 21.6377 0.00156141
0.820197 -1.28254e-13 21.6377 0.00173768
0 0 21.6377 6.95518e-05
0.694747 0.661693 21.6377 -0.000733759
1.92656e-13 0.507303 21.6377 -0.00287371
3.85313e-13 1.01461 21.6377 0.00300041
0.705286 1.39822 21.6377 -0.00126936
5.77969e-13 1.52191 21.6377 -0.0026056
1.69543 -2.56508e-13 23.4408 0.000793159
0 0 23.4408 -0.000671246
3.85313e-13 0.959575 23.4408 0.00239988
1.73632 -2.56508e-13 25.244 0.000709341
0.868158 -1.28254e-13 25.244 0.000930049
0 0 25.244 -6.65708e-05
0.699813 0.656627 25.244 -0.000766014
1.92656e-13 0.459342 25.244 -0.00295297
3.85313e-13 0.918683 25.244 0.00276486
0.70782 1.29976 25.244 0.000264281
5.77969e-13 1.37802 25.244 -0.00186804
1.7615 -2.56508e-13 27.0471 -0.00100723
0 0 27.0471 -0.000720038
3.85313e-13 0.893503 27.0471 0.00235317
1.77 -2.56508e-13 28.8502 -0.000600194
0.885 -1.28254e-13 28.8502 0.000368408
0 0 28.8502 -0.000166506
0.701592 0.654847 28.8502 -0.000830758
1.92656e-13 0.4425 28.8502 -0.00299323
3.85313e-13 0.885 28.8502 0.00265802
0.708709 1.26519 28.8502 0.000890602
5.77969e-13 1.3275 28.8502 -0.00140112
7.70625e-13 1.77 28.8502 0.000942232
