1 100
2 100
3 100
4 100
5 100
6 100
7 100
8 100
9 100
10 83.1703
11 87.0677
12 84.8393
13 81.0815
14 87.4639
15 70.2101
16 74.9269
17 75.764
18 74.4718
19 69.3023
20 63.9231
21 60.8568
22 61.1343
23 68.0626
24 63.1589
25 66.2168
26 53.8493
27 38.7699
28 41.9867
29 60.3298
30 59.7381
31 57.8339
32 51.6992
33 38.4194
34 23.7114
35 15.1507
36 11.9607
37 13.0116
38 50.3193
39 30.1677
40 -0.433603
41 -16.5567
42 -17.861
43 21.0286
44 6.95579
45 -6.05573
46 -21.8734
47 -37.2822
48 -45.3627
49 -47.1081
50 -47.3041
51 -49.339
52 -28.3856
53 -50.1689
54 -72.3767
55 -75.0308
56 -77.4346
57 -100
58 -100
59 -100
60 -100
61 -100
62 -100
63 -100
64 -100
65 -100
66 100
67 100
68 100
69 100
70 100
71 69.4882
72 75.1942
73 68.9989
74 60.7013
75 67.9016
76 59.3988
77 56.9058
78 37.758
79 14.8268
80 12.7465
81 20.3644
82 -6.63369
83 -37.5759
84 -47.2687
85 -49.5504
86 -100
87 -100
88 -100
89 -100
90 -100
91 100
92 100
93 100
94 100
95 100
96 100
97 100
98 100
99 100
100 81.408
101 85.7921
102 84.3185
103 80.8637
104 87.1461
105 67.1751
106 72.3286
107 73.4289
108 72.554
109 68.1242
110 63.2565
111 60.3565
112 60.6474
113 67.4322
114 59.4221
115 63.0206
116 51.9546
117 37.9651
118 41.11
119 56.3545
120 55.804
121 53.955
122 48.1498
123 35.7694
124 21.9773
125 13.9888
126 11.0343
127 12.011
128 46.5716
129 26.8798
130 -2.27735
131 -17.4889
132 -18.8387
133 18.0405
134 4.15263
135 -8.41278
136 -23.5835
137 -38.3975
138 -46.1636
139 -47.6997
140 -47.9047
141 -50.1523
142 -30.2111
143 -51.3699
144 -72.7973
145 -75.293
146 -77.8983
147 -100
148 -100
149 -100
150 -100
151 -100
152 -100
153 -100
154 -100
155 -100
156 100
157 100
158 100
159 100
160 100
161 63.3902
162 70.5061
163 66.6542
164 59.7217
165 66.6572
166 51.4026
167 49.1207
168 32.4568
169 12.5488
170 10.7889
171 14.3482
172 -11.3476
173 -39.7874
174 -48.4201
175 -51.1302
176 -100
177 -100
178 -100
179 -100
180 -100
181 100
182 100
183 100
184 100
185 100
186 100
187 100
188 100
189 100
190 76.0097
191 81.9532
192 82.8398
193 80.2405
194 86.2183
195 57.957
196 64.3679
197 66.3912
198 66.8861
199 64.6847
200 61.3616
201 58.9303
202 59.2541
203 65.6062
204 48.0582
205 53.3825
206 46.3681
207 35.6721
208 38.5989
209 44.2761
210 43.8586
211 42.2894
212 37.5878
213 27.8986
214 16.9574
215 10.689
216 8.41425
217 9.1742
218 35.2237
219 17.0481
220 -7.72009
221 -20.088
222 -21.5861
223 8.99973
224 -4.25325
225 -15.4593
226 -28.6926
227 -41.6542
228 -48.3854
229 -49.329
230 -49.5629
231 -52.4144
232 -35.7146
233 -54.9741
234 -74.0062
235 -76.0106
236 -79.1747
237 -100
238 -100
239 -100
240 -100
241 -100
242 -100
243 -100
244 -100
245 -100
246 100
247 100
248 100
249 100
250 100
251 51.1505
252 61.1828
253 62.1945
254 57.9158
255 64.2998
256 35.3429
257 33.68
258 22.1264
259 8.36314
260 7.19225
261 2.31383
262 -20.6364
263 -44.0168
264 -50.4481
265 -53.9523
266 -100
267 -100
268 -100
269 -100
270 -100
271 100
272 100
273 100
274 100
275 100
276 100
277 100
278 100
279 100
280 67.097
281 75.7833
282 80.662
283 79.2991
284 84.7657
285 42.9459
286 51.205
287 55.0072
288 58.004
289 59.3668
290 58.5219
291 56.7917
292 57.1399
293 62.7859
294 29.5125
295 37.7569
296 37.5922
297 32.2239
298 34.7999
299 24.5847
300 24.3683
301 23.4434
302 20.7589
303 15.3944
304 9.25456
305 5.77393
306 4.53695
307 4.95479
308 16.7473
309 1.27648
310 -16.3185
311 -23.841
312 -25.61
313 -5.74554
314 -17.785
315 -26.7806
316 -36.9314
317 -46.7412
318 -51.5605
319 -51.6419
320 -51.9272
321 -55.6637
322 -44.6635
323 -60.8237
324 -75.873
325 -77.0263
326 -80.9716
327 -100
328 -100
329 -100
330 -100
331 -100
332 -100
333 -100
334 -100
335 -100
336 100
337 100
338 100
339 100
340 100
341 33.8955
342 48.1215
343 56.2289
344 55.5532
345 61.1015
346 12.6599
347 12.0468
348 7.88331
349 2.93075
350 2.52112
351 -14.7336
352 -33.6204
353 -49.7868
354 -52.9521
355 -57.4745
356 -100
357 -100
358 -100
359 -100
360 -100
361 100
362 100
363 100
364 100
365 100
366 100
367 100
368 100
369 100
370 55.8774
371 68.2238
372 78.1957
373 78.175
374 82.9395
375 24.2784
376 34.56
377 40.8698
378 47.3207
379 52.9978
380 55.1123
381 54.2486
382 54.5836
383 59.3129
384 6.36158
385 18.2634
386 26.9127
387 28.0953
388 30.2495
389 0.000250711
390 0.000226214
391 0.000231925
392 0.000194906
393 0.000212956
394 0.000156104
395 0.000114392
396 9.6267e-05
397 7.35054e-05
398 -6.36109
399 -18.263
400 -26.9123
401 -28.0951
402 -30.2494
403 -24.2779
404 -34.5596
405 -40.8696
406 -47.3204
407 -52.9974
408 -55.1121
409 -54.2484
410 -54.5834
411 -59.3127
412 -55.8772
413 -68.2236
414 -78.1954
415 -78.1749
416 -82.9395
417 -100
418 -100
419 -100
420 -100
421 -100
422 -100
423 -100
424 -100
425 -100
426 100
427 100
428 100
429 100
430 100
431 14.7332
432 33.6202
433 49.7867
434 52.9521
435 57.4744
436 -12.6603
437 -12.0471
438 -7.88347
439 -2.93085
440 -2.52121
441 -33.8959
442 -48.1217
443 -56.229
444 -55.5532
445 -61.1016
446 -100
447 -100
448 -100
449 -100
450 -100
451 100
452 100
453 100
454 100
455 100
456 100
457 100
458 100
459 100
460 44.6636
461 60.8238
462 75.8732
463 77.0263
464 80.9717
465 5.74575
466 17.7852
467 26.7808
468 36.9317
469 46.7416
470 51.5608
471 51.642
472 51.9273
473 55.6637
474 -16.7471
475 -1.27634
476 16.3188
477 23.841
478 25.61
479 -24.5844
480 -24.3681
481 -23.4434
482 -20.7587
483 -15.3942
484 -9.25438
485 -5.77384
486 -4.53689
487 -4.95473
488 -29.5123
489 -37.7568
490 -37.592
491 -32.2239
492 -34.7998
493 -42.9457
494 -51.2049
495 -55.0072
496 -58.0038
497 -59.3667
498 -58.5219
499 -56.7918
500 -57.1399
501 -62.7859
502 -67.0969
503 -75.7833
504 -80.6619
505 -79.2992
506 -84.7657
507 -100
508 -100
509 -100
510 -100
511 -100
512 -100
513 -100
514 -100
515 -100
516 100
517 100
518 100
519 100
520 100
521 -2.31372
522 20.6365
523 44.0169
524 50.4482
525 53.9523
526 -35.3428
527 -33.6799
528 -22.1264
529 -8.3631
530 -7.19223
531 -51.1503
532 -61.1827
533 -62.1945
534 -57.9158
535 -64.2998
536 -100
537 -100
538 -100
539 -100
540 -100
541 100
542 100
543 100
544 100
545 100
546 100
547 100
548 100
549 100
550 35.7146
551 54.9741
552 74.0063
553 76.0106
554 79.1747
555 -8.99988
556 4.25313
557 15.4592
558 28.6926
559 41.6543
560 48.3854
561 49.329
562 49.5628
563 52.4142
564 -35.2238
565 -17.0482
566 7.72004
567 20.0879
568 21.586
569 -44.2761
570 -43.8587
571 -42.2894
572 -37.5879
573 -27.8987
574 -16.9575
575 -10.6891
576 -8.41436
577 -9.17433
578 -48.0582
579 -53.3826
580 -46.3684
581 -35.6722
582 -38.599
583 -57.9571
584 -64.3679
585 -66.3913
586 -66.8862
587 -64.685
588 -61.3618
589 -58.9305
590 -59.2543
591 -65.6065
592 -76.0096
593 -81.9533
594 -82.8399
595 -80.2406
596 -86.2184
597 -100
598 -100
599 -100
600 -100
601 -100
602 -100
603 -100
604 -100
605 -100
606 100
607 100
608 100
609 100
610 100
611 -14.3481
612 11.3476
613 39.7874
614 48.4202
615 51.1302
616 -51.4025
617 -49.1206
618 -32.4568
619 -12.5488
620 -10.7889
621 -63.3902
622 -70.506
623 -66.6543
624 -59.7217
625 -66.6572
626 -100
627 -100
628 -100
629 -100
630 -100
631 100
632 100
633 100
634 100
635 100
636 100
637 100
638 100
639 100
640 30.211
641 51.3699
642 72.7972
643 75.293
644 77.8984
645 -18.0406
646 -4.15277
647 8.41265
648 23.5835
649 38.3975
650 46.1636
651 47.6997
652 47.9047
653 50.1523
654 -46.5717
655 -26.88
656 2.27737
657 17.4889
658 18.8386
659 -56.3545
660 -55.8041
661 -53.9552
662 -48.1499
663 -35.7693
664 -21.9773
665 -13.9888
666 -11.0344
667 -12.0111
668 -59.4221
669 -63.0209
670 -51.9545
671 -37.9652
672 -41.11
673 -67.1752
674 -72.3287
675 -73.4293
676 -72.5541
677 -68.124
678 -63.2566
679 -60.3567
680 -60.6475
681 -67.4323
682 -81.4081
683 -85.7923
684 -84.3184
685 -80.8639
686 -87.146
687 -100
688 -100
689 -100
690 -100
691 -100
692 -100
693 -100
694 -100
695 -100
696 100
697 100
698 100
699 100
700 100
701 -20.3644
702 6.6337
703 37.576
704 47.2687
705 49.5504
706 -59.3988
707 -56.9058
708 -37.758
709 -14.8267
710 -12.7465
711 -69.4882
712 -75.1942
713 -68.9989
714 -60.7012
715 -67.9016
716 -100
717 -100
718 -100
719 -100
720 -100
721 100
722 100
723 100
724 100
725 100
726 100
727 100
728 100
729 100
730 28.3857
731 50.1689
732 72.3768
733 75.0307
734 77.4346
735 -21.0285
736 -6.95574
737 6.05578
738 21.8734
739 37.2824
740 45.3627
741 47.108
742 47.3041
743 49.339
744 -50.3193
745 -30.1677
746 0.433723
747 16.5567
748 17.861
749 -60.3297
750 -59.738
751 -57.8339
752 -51.6991
753 -38.4193
754 -23.7114
755 -15.1507
756 -11.9607
757 -13.0116
758 -63.1588
759 -66.2167
760 -53.8492
761 -38.7699
762 -41.9866
763 -70.2099
764 -74.9268
765 -75.7638
766 -74.4718
767 -69.3023
768 -63.9231
769 -60.8568
770 -61.1343
771 -68.0625
772 -83.1702
773 -87.0676
774 -84.8393
775 -81.0815
776 -87.4638
777 -100
778 -100
779 -100
780 -100
781 -100
782 -100
783 -100
784 -100
785 -100
