2.562   0.278   1.530   1.000   0.000   60.000   0.020   0.000   0.000   0.000   0.000   1.530   1.362   0.000   -90.000   0.000   0.000   0.278   0.000   0.000   
2.840   0.556   0.530   1.000   14.491   60.000   0.020   10.636   0.000   1913.688   0.000   0.530   0.472   0.786   -90.000   0.000   1.649   0.278   31.206   0.000   
3.118   0.834   0.330   1.000   23.273   60.000   0.020   27.434   0.000   4936.225   0.000   0.330   0.294   1.263   -90.000   0.000   4.255   0.278   48.529   0.000   
3.396   1.112   0.329   1.000   23.374   60.000   0.020   27.673   0.000   4979.255   0.000   0.329   0.292   1.268   -90.000   0.000   4.292   0.278   48.814   0.000   
3.673   1.389   0.327   1.000   23.476   60.000   0.020   27.915   0.000   5022.820   0.000   0.327   0.291   1.274   -90.000   0.000   4.329   0.278   49.102   0.000   
3.951   1.667   0.326   1.000   23.579   60.000   0.020   28.160   0.000   5066.990   0.000   0.326   0.290   1.279   -90.000   0.000   4.367   0.278   49.394   0.000   
4.229   1.945   0.324   1.000   23.683   60.000   0.020   28.409   0.000   5111.713   0.000   0.324   0.289   1.285   -90.000   0.000   4.406   0.278   49.691   0.000   
4.507   2.223   0.323   1.000   23.788   60.000   0.020   28.661   0.000   5157.063   0.000   0.323   0.287   1.291   -90.000   0.000   4.445   0.278   49.991   0.000   
4.785   2.501   0.321   1.000   23.893   60.000   0.020   28.916   0.000   5202.987   0.000   0.321   0.286   1.296   -90.000   0.000   4.485   0.278   50.296   0.000   
5.063   2.779   0.320   1.000   24.000   60.000   0.020   29.175   0.000   5249.560   0.000   0.320   0.285   1.302   -90.000   0.000   4.525   0.278   50.605   0.000   
5.341   3.057   0.319   1.000   24.108   60.000   0.020   29.437   0.000   5296.761   0.000   0.319   0.284   1.308   -90.000   0.000   4.565   0.278   50.918   0.000   
5.619   3.335   0.317   1.000   24.216   60.000   0.020   29.703   0.000   5344.568   0.000   0.317   0.282   1.314   -90.000   0.000   4.607   0.278   51.236   0.000   
5.896   3.612   0.316   1.000   24.326   60.000   0.020   29.973   0.000   5393.059   0.000   0.316   0.281   1.320   -90.000   0.000   4.648   0.278   51.558   0.000   
6.174   3.890   0.314   1.000   24.436   60.000   0.020   30.246   0.000   5442.179   0.000   0.314   0.280   1.326   -90.000   0.000   4.691   0.278   51.884   0.000   
6.452   4.168   0.313   1.000   24.548   60.000   0.020   30.523   0.000   5492.007   0.000   0.313   0.278   1.332   -90.000   0.000   4.734   0.278   52.216   0.000   
6.730   4.446   0.311   1.000   24.661   60.000   0.020   30.803   0.000   5542.488   0.000   0.311   0.277   1.338   -90.000   0.000   4.777   0.278   52.552   0.000   
7.008   4.724   0.310   1.000   24.774   60.000   0.020   31.088   0.000   5593.704   0.000   0.310   0.276   1.344   -90.000   0.000   4.821   0.278   52.892   0.000   
7.286   5.002   0.309   1.000   24.889   60.000   0.020   31.376   0.000   5645.633   0.000   0.309   0.275   1.350   -90.000   0.000   4.866   0.278   53.238   0.000   
7.564   5.280   0.307   1.000   25.005   60.000   0.020   31.669   0.000   5698.252   0.000   0.307   0.273   1.357   -90.000   0.000   4.911   0.278   53.589   0.000   
7.842   5.558   0.306   1.000   25.122   60.000   0.020   31.966   0.000   5751.647   0.000   0.306   0.272   1.363   -90.000   0.000   4.957   0.278   53.944   0.000   
8.120   5.836   0.304   1.000   25.239   60.000   0.020   32.266   0.000   5805.758   0.000   0.304   0.271   1.369   -90.000   0.000   5.004   0.278   54.305   0.000   
8.397   6.113   0.303   1.000   25.359   60.000   0.020   32.571   0.000   5860.675   0.000   0.303   0.270   1.376   -90.000   0.000   5.051   0.278   54.671   0.000   
8.675   6.391   0.301   1.000   25.479   60.000   0.020   32.881   0.000   5916.336   0.000   0.301   0.268   1.382   -90.000   0.000   5.099   0.278   55.042   0.000   
8.953   6.669   0.300   1.000   25.600   60.000   0.020   33.195   0.000   5972.833   0.000   0.300   0.267   1.389   -90.000   0.000   5.148   0.278   55.419   0.000   
9.231   6.947   0.299   1.000   25.723   60.000   0.020   33.513   0.000   6030.143   0.000   0.299   0.266   1.395   -90.000   0.000   5.197   0.278   55.801   0.000   
9.509   7.225   0.297   1.000   25.846   60.000   0.020   33.836   0.000   6088.241   0.000   0.297   0.264   1.402   -90.000   0.000   5.248   0.278   56.189   0.000   
9.787   7.503   0.296   1.000   25.971   60.000   0.020   34.164   0.000   6147.225   0.000   0.296   0.263   1.409   -90.000   0.000   5.298   0.278   56.583   0.000   
10.065   7.781   0.294   1.000   26.097   60.000   0.020   34.496   0.000   6207.027   0.000   0.294   0.262   1.416   -90.000   0.000   5.350   0.278   56.982   0.000   
10.343   8.059   0.293   1.000   26.224   60.000   0.020   34.834   0.000   6267.750   0.000   0.293   0.261   1.423   -90.000   0.000   5.402   0.278   57.387   0.000   
10.620   8.336   0.291   1.000   26.353   60.000   0.020   35.176   0.000   6329.324   0.000   0.291   0.259   1.430   -90.000   0.000   5.455   0.278   57.798   0.000   
10.898   8.614   0.290   1.000   26.483   60.000   0.020   35.524   0.000   6391.854   0.000   0.290   0.258   1.437   -90.000   0.000   5.509   0.278   58.216   0.000   
11.176   8.892   0.289   1.007   26.491   60.000   0.020   35.169   7.288   6328.067   1311.290   0.290   0.258   1.437   -87.950   0.024   5.512   0.278   58.840   3.368   
11.454   9.170   0.288   1.013   26.500   60.000   0.020   34.820   10.284   6264.911   1850.266   0.290   0.258   1.438   -85.900   0.047   5.517   0.278   59.449   6.259   
11.732   9.448   0.287   1.020   26.512   60.000   0.020   34.477   12.560   6202.069   2259.441   0.290   0.258   1.438   -83.850   0.071   5.521   0.278   60.043   8.712   
12.010   9.726   0.286   1.027   26.526   60.000   0.020   34.142   14.456   6139.239   2599.353   0.290   0.258   1.439   -81.800   0.094   5.527   0.278   60.625   10.768   
12.288   10.004   0.285   1.034   26.541   60.000   0.020   33.815   16.101   6076.136   2893.080   0.289   0.258   1.440   -79.750   0.117   5.534   0.278   61.198   12.465   
12.567   10.283   0.284   1.040   26.558   60.000   0.020   33.499   17.562   6012.490   3152.158   0.289   0.257   1.441   -77.700   0.141   5.541   0.279   61.765   13.840   
12.846   10.562   0.283   1.047   26.577   60.000   0.020   33.194   18.880   5948.046   3383.176   0.289   0.257   1.442   -75.650   0.164   5.549   0.279   62.330   14.930   
13.126   10.842   0.282   1.054   26.598   60.000   0.020   32.901   20.080   5882.567   3590.200   0.289   0.257   1.443   -73.600   0.188   5.557   0.280   62.896   15.768   
13.406   11.122   0.281   1.061   26.621   60.000   0.021   32.621   21.179   5815.830   3775.847   0.288   0.257   1.444   -71.550   0.212   5.567   0.280   63.468   16.384   
13.688   11.404   0.280   1.067   26.645   60.000   0.021   32.355   22.190   5747.633   3941.833   0.288   0.257   1.446   -69.500   0.237   5.577   0.281   64.049   16.807   
13.970   11.686   0.279   1.071   26.651   60.000   0.021   32.174   22.765   5690.145   4026.117   0.288   0.256   1.446   -69.000   0.251   5.579   0.283   64.556   17.523   
14.254   11.970   0.279   1.075   26.658   60.000   0.021   31.994   23.325   5631.135   4105.399   0.288   0.256   1.446   -68.500   0.266   5.582   0.284   65.065   18.233   
14.540   12.256   0.278   1.078   26.665   60.000   0.021   31.814   23.871   5570.580   4179.786   0.288   0.256   1.447   -68.000   0.281   5.585   0.286   65.578   18.941   
14.827   12.543   0.278   1.082   26.673   60.000   0.022   31.634   24.403   5508.461   4249.356   0.288   0.256   1.447   -67.500   0.296   5.588   0.287   66.093   19.647   
15.116   12.832   0.277   1.086   26.680   60.000   0.022   31.455   24.923   5444.768   4314.161   0.288   0.256   1.447   -67.000   0.312   5.592   0.289   66.612   20.354   
15.407   13.123   0.277   1.089   26.688   60.000   0.022   31.276   25.431   5379.497   4374.229   0.288   0.256   1.448   -66.500   0.328   5.595   0.291   67.134   21.064   
15.699   13.415   0.276   1.093   26.696   60.000   0.023   31.097   25.928   5312.654   4429.569   0.288   0.256   1.448   -66.000   0.344   5.598   0.293   67.658   21.779   
15.994   13.710   0.276   1.097   26.705   60.000   0.023   30.919   26.414   5244.251   4480.173   0.288   0.256   1.449   -65.500   0.361   5.602   0.295   68.186   22.501   
16.291   14.007   0.275   1.100   26.714   60.000   0.023   30.740   26.889   5174.313   4526.017   0.287   0.256   1.449   -65.000   0.379   5.606   0.297   68.716   23.231   
16.591   14.307   0.275   1.104   26.722   60.000   0.024   30.563   27.354   5102.874   4567.063   0.287   0.256   1.450   -64.500   0.397   5.609   0.299   69.249   23.971   
16.893   14.609   0.274   1.109   26.723   60.000   0.024   30.320   27.893   5019.153   4617.360   0.287   0.256   1.450   -64.000   0.418   5.610   0.302   69.877   24.884   
17.197   14.913   0.274   1.113   26.724   60.000   0.025   30.078   28.418   4933.935   4661.596   0.287   0.256   1.450   -63.500   0.440   5.610   0.305   70.507   25.812   
17.505   15.221   0.273   1.117   26.725   60.000   0.025   29.837   28.929   4847.303   4699.742   0.287   0.256   1.450   -63.000   0.462   5.610   0.308   71.140   26.756   
17.816   15.532   0.273   1.122   26.726   60.000   0.026   29.597   29.426   4759.356   4731.760   0.287   0.256   1.450   -62.500   0.485   5.611   0.311   71.775   27.720   
18.130   15.846   0.272   1.126   26.727   60.000   0.026   29.359   29.908   4670.210   4757.599   0.287   0.256   1.450   -62.000   0.509   5.611   0.314   72.412   28.704   
18.448   16.164   0.272   1.131   26.728   60.000   0.027   29.121   30.375   4580.002   4777.203   0.287   0.256   1.450   -61.500   0.534   5.612   0.318   73.050   29.711   
18.770   16.486   0.271   1.135   26.729   60.000   0.027   28.887   30.828   4488.886   4790.512   0.287   0.256   1.450   -61.000   0.559   5.612   0.322   73.688   30.742   
19.096   16.812   0.271   1.140   26.730   60.000   0.028   28.655   31.264   4397.034   4797.468   0.287   0.256   1.450   -60.500   0.585   5.613   0.326   74.325   31.799   
19.426   17.142   0.270   1.144   26.731   60.000   0.029   28.426   31.684   4304.638   4798.019   0.287   0.256   1.450   -60.000   0.612   5.613   0.330   74.962   32.881   
19.761   17.477   0.270   1.149   26.732   60.000   0.030   28.202   32.087   4211.907   4792.119   0.287   0.256   1.450   -59.500   0.640   5.613   0.335   75.596   33.991   
20.101   17.817   0.269   1.154   26.725   60.000   0.031   27.917   32.537   4109.410   4789.509   0.287   0.256   1.450   -59.000   0.671   5.610   0.340   76.317   35.284   
20.445   18.161   0.269   1.159   26.717   60.000   0.032   27.638   32.965   4007.052   4779.387   0.287   0.256   1.449   -58.500   0.703   5.607   0.345   77.033   36.609   
20.796   18.512   0.268   1.165   26.710   60.000   0.033   27.367   33.370   3905.124   4761.777   0.288   0.256   1.449   -58.000   0.736   5.604   0.350   77.744   37.966   
21.152   18.868   0.268   1.170   26.701   60.000   0.034   27.103   33.750   3803.925   4736.727   0.288   0.256   1.449   -57.500   0.769   5.601   0.356   78.448   39.354   
21.515   19.231   0.267   1.175   26.693   60.000   0.035   26.850   34.103   3703.766   4704.318   0.288   0.256   1.448   -57.000   0.804   5.597   0.362   79.143   40.772   
21.884   19.600   0.267   1.181   26.684   60.000   0.037   26.608   34.429   3604.960   4664.662   0.288   0.256   1.448   -56.500   0.839   5.593   0.369   79.827   42.218   
22.260   19.976   0.266   1.186   26.674   60.000   0.038   26.379   34.726   3507.817   4617.914   0.288   0.256   1.447   -56.000   0.875   5.589   0.376   80.498   43.688   
22.643   20.359   0.266   1.191   26.664   60.000   0.040   26.164   34.993   3412.640   4564.270   0.288   0.256   1.447   -55.500   0.911   5.585   0.383   81.154   45.179   
23.034   20.750   0.265   1.196   26.653   60.000   0.041   25.965   35.228   3319.713   4503.971   0.288   0.256   1.446   -55.000   0.947   5.580   0.391   81.793   46.686   
23.433   21.149   0.265   1.202   26.642   60.000   0.043   25.785   35.430   3229.300   4437.308   0.288   0.257   1.445   -54.500   0.984   5.576   0.399   82.413   48.204   
23.841   21.557   0.264   1.208   26.622   60.000   0.045   25.558   35.651   3133.650   4371.035   0.288   0.257   1.444   -54.000   1.024   5.567   0.408   83.095   49.891   
24.258   21.974   0.264   1.214   26.602   60.000   0.047   25.354   35.833   3041.190   4298.217   0.289   0.257   1.443   -53.500   1.065   5.559   0.417   83.751   51.582   
24.684   22.400   0.263   1.220   26.581   60.000   0.049   25.172   35.976   2952.133   4219.312   0.289   0.257   1.442   -53.000   1.105   5.550   0.426   84.381   53.270   
25.121   22.837   0.263   1.226   26.559   60.000   0.052   25.014   36.080   2866.644   4134.825   0.289   0.257   1.441   -52.500   1.145   5.541   0.436   84.981   54.947   
25.567   23.283   0.262   1.232   26.537   60.000   0.054   24.881   36.143   2784.835   4045.301   0.289   0.258   1.440   -52.000   1.184   5.532   0.447   85.550   56.602   
26.025   23.741   0.262   1.238   26.514   60.000   0.057   24.775   36.166   2706.766   3951.318   0.290   0.258   1.438   -51.500   1.223   5.522   0.458   86.086   58.226   
26.494   24.210   0.261   1.244   26.490   60.000   0.060   24.695   36.149   2632.444   3853.480   0.290   0.258   1.437   -51.000   1.261   5.512   0.469   86.586   59.809   
26.975   24.691   0.261   1.250   26.465   60.000   0.063   24.641   36.093   2561.825   3752.407   0.290   0.258   1.436   -50.500   1.298   5.502   0.481   87.051   61.340   
27.468   25.184   0.260   1.256   26.440   60.000   0.066   24.613   35.998   2494.819   3648.726   0.290   0.259   1.434   -50.000   1.334   5.491   0.493   87.478   62.808   
27.974   25.690   0.260   1.262   26.414   60.000   0.070   24.611   35.865   2431.295   3543.063   0.291   0.259   1.433   -49.500   1.369   5.481   0.506   87.867   64.204   
28.494   26.210   0.256   1.269   26.653   60.000   0.074   25.526   35.866   2457.170   3452.426   0.288   0.256   1.446   -48.685   1.423   5.580   0.519   88.326   64.526   
29.027   26.743   0.253   1.276   26.898   60.000   0.078   26.500   35.799   2483.692   3355.231   0.286   0.254   1.459   -47.870   1.474   5.683   0.533   88.753   64.656   
29.575   27.291   0.250   1.283   27.149   60.000   0.082   27.527   35.664   2510.372   3252.504   0.283   0.252   1.473   -47.055   1.523   5.790   0.548   89.154   64.584   
30.139   27.855   0.247   1.290   27.405   60.000   0.087   28.603   35.465   2536.773   3145.320   0.280   0.249   1.487   -46.240   1.570   5.899   0.564   89.541   64.301   
30.719   28.435   0.243   1.297   27.667   60.000   0.092   29.725   35.203   2562.528   3034.769   0.278   0.247   1.501   -45.425   1.614   6.013   0.580   89.924   63.804   
31.316   29.032   0.240   1.304   27.936   60.000   0.098   30.889   34.883   2587.350   2921.925   0.275   0.245   1.516   -44.610   1.654   6.130   0.597   90.314   63.093   
31.931   29.647   0.237   1.311   28.212   60.000   0.104   32.090   34.509   2611.041   2807.818   0.272   0.242   1.531   -43.795   1.691   6.252   0.615   90.721   62.170   
32.563   30.279   0.234   1.317   28.495   60.000   0.110   33.326   34.085   2633.484   2693.408   0.270   0.240   1.546   -42.980   1.724   6.378   0.633   91.157   61.042   
33.215   30.931   0.230   1.324   28.787   60.000   0.117   34.594   33.616   2654.646   2579.570   0.267   0.237   1.562   -42.165   1.754   6.510   0.652   91.631   59.721   
33.886   31.602   0.227   1.331   29.087   60.000   0.124   35.893   33.108   2674.567   2467.076   0.264   0.235   1.578   -41.350   1.781   6.646   0.671   92.154   58.219   
34.577   32.293   0.226   1.339   29.078   60.000   0.131   36.042   32.711   2608.106   2367.073   0.264   0.235   1.577   -41.200   1.795   6.642   0.691   93.097   59.775   
35.288   33.004   0.226   1.347   29.069   60.000   0.139   36.193   32.307   2544.723   2271.521   0.264   0.235   1.577   -41.050   1.808   6.638   0.711   94.049   61.260   
36.020   33.736   0.225   1.354   29.060   60.000   0.147   36.345   31.899   2484.230   2180.366   0.264   0.235   1.577   -40.900   1.818   6.634   0.732   95.009   62.675   
36.772   34.488   0.224   1.362   29.053   60.000   0.155   36.496   31.489   2426.449   2093.516   0.264   0.235   1.576   -40.750   1.827   6.630   0.752   95.977   64.018   
37.544   35.260   0.223   1.370   29.045   60.000   0.163   36.647   31.078   2371.220   2010.852   0.264   0.235   1.576   -40.600   1.834   6.627   0.773   96.951   65.290   
38.338   36.054   0.222   1.377   29.038   60.000   0.172   36.796   30.667   2318.394   1932.233   0.264   0.235   1.575   -40.450   1.840   6.624   0.794   97.932   66.492   
39.153   36.869   0.222   1.385   29.032   60.000   0.181   36.944   30.259   2267.834   1857.504   0.265   0.235   1.575   -40.300   1.844   6.621   0.815   98.918   67.625   
39.988   37.704   0.221   1.393   29.027   60.000   0.190   37.089   29.855   2219.411   1786.501   0.265   0.235   1.575   -40.150   1.848   6.618   0.836   99.911   68.690   
40.845   38.561   0.220   1.400   29.022   60.000   0.200   37.232   29.454   2173.009   1719.056   0.265   0.236   1.574   -40.000   1.850   6.616   0.857   100.908   69.689   
41.723   39.439   0.219   1.408   29.017   60.000   0.209   37.373   29.059   2128.518   1654.997   0.265   0.236   1.574   -39.850   1.851   6.614   0.878   101.910   70.622   
42.622   40.338   0.218   1.417   29.004   60.000   0.220   37.470   28.689   2083.593   1595.294   0.265   0.236   1.573   -39.700   1.854   6.608   0.899   102.909   71.618   
43.542   41.258   0.218   1.425   28.991   60.000   0.230   37.566   28.323   2040.484   1538.415   0.265   0.236   1.573   -39.550   1.855   6.602   0.921   103.910   72.551   
44.484   42.200   0.217   1.433   28.979   60.000   0.241   37.661   27.962   1999.095   1484.232   0.265   0.236   1.572   -39.400   1.856   6.597   0.942   104.911   73.423   
45.448   43.164   0.216   1.442   28.967   60.000   0.251   37.754   27.605   1959.341   1432.616   0.265   0.236   1.572   -39.250   1.857   6.591   0.963   105.914   74.235   
46.433   44.149   0.215   1.450   28.956   60.000   0.263   37.846   27.253   1921.139   1383.439   0.265   0.236   1.571   -39.100   1.856   6.586   0.985   106.917   74.989   
47.439   45.155   0.214   1.459   28.946   60.000   0.274   37.936   26.907   1884.412   1336.578   0.265   0.236   1.570   -38.950   1.855   6.582   1.007   107.920   75.687   
48.468   46.184   0.214   1.467   28.937   60.000   0.286   38.024   26.567   1849.087   1291.913   0.265   0.236   1.570   -38.800   1.853   6.577   1.028   108.923   76.329   
49.517   47.233   0.213   1.476   28.928   60.000   0.298   38.111   26.232   1815.096   1249.330   0.265   0.236   1.569   -38.650   1.851   6.573   1.050   109.926   76.917   
50.589   48.305   0.212   1.484   28.919   60.000   0.310   38.197   25.903   1782.375   1208.717   0.266   0.236   1.569   -38.500   1.848   6.570   1.072   110.928   77.454   
51.682   49.398   0.211   1.493   28.912   60.000   0.322   38.281   25.580   1750.863   1169.970   0.266   0.236   1.569   -38.350   1.845   6.566   1.093   111.930   77.939   
52.797   50.513   0.210   1.502   28.895   60.000   0.335   38.328   25.278   1718.876   1133.633   0.266   0.237   1.568   -38.200   1.844   6.559   1.115   112.907   78.491   
53.934   51.650   0.210   1.511   28.879   60.000   0.348   38.374   24.980   1688.048   1098.852   0.266   0.237   1.567   -38.050   1.842   6.551   1.137   113.882   78.992   
55.092   52.808   0.209   1.521   28.864   60.000   0.361   38.420   24.687   1658.326   1065.555   0.266   0.237   1.566   -37.900   1.839   6.545   1.158   114.854   79.444   
56.272   53.988   0.208   1.530   28.850   60.000   0.374   38.466   24.398   1629.660   1033.668   0.266   0.237   1.565   -37.750   1.837   6.538   1.180   115.823   79.850   
57.474   55.190   0.207   1.539   28.836   60.000   0.388   38.511   24.114   1602.003   1003.122   0.266   0.237   1.564   -37.600   1.834   6.532   1.202   116.790   80.209   
58.698   56.414   0.206   1.549   28.823   60.000   0.402   38.556   23.835   1575.311   973.850   0.266   0.237   1.564   -37.450   1.830   6.526   1.224   117.753   80.524   
59.944   57.660   0.206   1.558   28.811   60.000   0.416   38.602   23.561   1549.542   945.791   0.267   0.237   1.563   -37.300   1.827   6.520   1.246   118.714   80.796   
61.211   58.927   0.205   1.567   28.799   60.000   0.431   38.647   23.292   1524.655   918.883   0.267   0.237   1.562   -37.150   1.823   6.515   1.267   119.672   81.025   
62.500   60.216   0.204   1.576   28.788   60.000   0.445   38.692   23.027   1500.613   893.070   0.267   0.237   1.562   -37.000   1.818   6.510   1.289   120.627   81.214   
63.811   61.527   0.203   1.586   28.778   60.000   0.460   38.737   22.767   1477.380   868.297   0.267   0.238   1.561   -36.850   1.814   6.506   1.311   121.580   81.363   
65.144   62.860   0.202   1.596   28.759   60.000   0.476   38.749   22.522   1453.667   844.896   0.267   0.238   1.560   -36.700   1.811   6.497   1.333   122.492   81.573   
66.499   64.215   0.202   1.606   28.741   60.000   0.491   38.762   22.280   1430.737   822.377   0.267   0.238   1.559   -36.550   1.808   6.489   1.355   123.401   81.744   
67.875   65.591   0.201   1.616   28.724   60.000   0.507   38.775   22.042   1408.558   800.698   0.267   0.238   1.558   -36.400   1.804   6.481   1.376   124.305   81.875   
69.273   66.989   0.200   1.626   28.707   60.000   0.523   38.790   21.808   1387.100   779.824   0.268   0.238   1.557   -36.250   1.801   6.474   1.398   125.206   81.968   
70.693   68.409   0.199   1.636   28.692   60.000   0.539   38.805   21.577   1366.334   759.719   0.268   0.238   1.557   -36.100   1.797   6.467   1.420   126.103   82.025   
72.135   69.851   0.198   1.646   28.677   60.000   0.555   38.822   21.350   1346.233   740.348   0.268   0.238   1.556   -35.950   1.793   6.460   1.442   126.996   82.047   
73.599   71.315   0.198   1.656   28.663   60.000   0.572   38.839   21.126   1326.771   721.678   0.268   0.238   1.555   -35.800   1.789   6.454   1.464   127.885   82.034   
75.084   72.800   0.197   1.666   28.649   60.000   0.589   38.857   20.906   1307.924   703.680   0.268   0.239   1.554   -35.650   1.784   6.448   1.485   128.771   81.987   
76.591   74.307   0.196   1.676   28.637   60.000   0.606   38.877   20.689   1289.668   686.322   0.268   0.239   1.554   -35.500   1.780   6.442   1.507   129.653   81.908   
78.120   75.836   0.195   1.686   28.625   60.000   0.623   38.897   20.476   1271.980   669.577   0.268   0.239   1.553   -35.350   1.775   6.437   1.529   130.531   81.798   
79.671   77.387   0.194   1.697   28.605   60.000   0.641   38.888   20.273   1253.834   653.657   0.268   0.239   1.552   -35.200   1.771   6.428   1.551   131.360   81.742   
81.244   78.960   0.194   1.708   28.586   60.000   0.659   38.880   20.073   1236.244   638.263   0.269   0.239   1.551   -35.050   1.768   6.419   1.573   132.185   81.653   
82.838   80.554   0.193   1.719   28.567   60.000   0.677   38.874   19.876   1219.189   623.376   0.269   0.239   1.550   -34.900   1.764   6.411   1.594   133.005   81.533   
84.454   82.170   0.192   1.730   28.550   60.000   0.695   38.869   19.682   1202.652   608.974   0.269   0.239   1.549   -34.750   1.760   6.403   1.616   133.822   81.383   
86.092   83.808   0.191   1.741   28.533   60.000   0.714   38.867   19.490   1186.613   595.039   0.269   0.240   1.548   -34.600   1.755   6.395   1.638   134.635   81.203   
87.751   85.467   0.190   1.752   28.518   60.000   0.733   38.866   19.301   1171.055   581.552   0.269   0.240   1.547   -34.450   1.751   6.388   1.659   135.445   80.995   
89.432   87.148   0.190   1.763   28.503   60.000   0.752   38.866   19.114   1155.961   568.496   0.269   0.240   1.546   -34.300   1.747   6.382   1.681   136.251   80.760   
91.135   88.851   0.189   1.773   28.489   60.000   0.771   38.869   18.930   1141.315   555.854   0.270   0.240   1.546   -34.150   1.742   6.375   1.703   137.054   80.499   
92.859   90.575   0.188   1.784   28.476   60.000   0.791   38.873   18.749   1127.101   543.610   0.270   0.240   1.545   -34.000   1.737   6.370   1.724   137.853   80.211   
94.606   92.322   0.187   1.795   28.464   60.000   0.810   38.879   18.570   1113.305   531.748   0.270   0.240   1.544   -33.850   1.733   6.364   1.746   138.649   79.899   
96.373   94.089   0.186   1.807   28.443   60.000   0.830   38.858   18.399   1099.085   520.407   0.270   0.240   1.543   -33.700   1.729   6.355   1.768   139.389   79.633   
98.163   95.879   0.186   1.819   28.424   60.000   0.851   38.839   18.230   1085.278   509.399   0.270   0.240   1.542   -33.550   1.725   6.347   1.789   140.125   79.342   
99.974   97.690   0.185   1.830   28.406   60.000   0.871   38.823   18.063   1071.870   498.713   0.270   0.241   1.541   -33.400   1.721   6.338   1.811   140.858   79.025   
101.806   99.522   0.184   1.842   28.388   60.000   0.892   38.808   17.898   1058.849   488.337   0.271   0.241   1.540   -33.250   1.717   6.331   1.833   141.588   78.685   
103.660   101.376   0.183   1.854   28.372   60.000   0.913   38.796   17.735   1046.203   478.260   0.271   0.241   1.539   -33.100   1.712   6.323   1.854   142.315   78.322   
105.536   103.252   0.182   1.865   28.357   60.000   0.934   38.787   17.574   1033.918   468.473   0.271   0.241   1.538   -32.950   1.708   6.316   1.876   143.040   77.936   
107.433   105.149   0.182   1.877   28.342   60.000   0.955   38.779   17.415   1021.984   458.964   0.271   0.241   1.538   -32.800   1.703   6.310   1.897   143.761   77.530   
109.352   107.068   0.181   1.889   28.329   60.000   0.977   38.774   17.258   1010.390   449.724   0.271   0.241   1.537   -32.650   1.699   6.304   1.919   144.480   77.102   
111.292   109.008   0.180   1.900   28.317   60.000   0.998   38.772   17.103   999.126   440.745   0.271   0.241   1.536   -32.500   1.694   6.299   1.940   145.197   76.655   
113.254   110.970   0.179   1.912   28.305   60.000   1.020   38.771   16.950   988.180   432.015   0.271   0.241   1.536   -32.350   1.689   6.294   1.962   145.911   76.189   
115.237   112.953   0.179   1.921   28.237   60.000   1.043   38.607   16.763   973.343   422.620   0.272   0.242   1.532   -32.115   1.681   6.263   1.983   145.725   75.131   
117.242   114.958   0.179   1.930   28.169   60.000   1.065   38.443   16.579   958.874   413.511   0.273   0.243   1.528   -31.880   1.673   6.233   2.005   145.520   74.068   
119.268   116.984   0.179   1.938   28.101   60.000   1.087   38.281   16.397   944.762   404.676   0.273   0.243   1.525   -31.645   1.666   6.203   2.026   145.297   72.999   
121.315   119.031   0.178   1.947   28.034   60.000   1.110   38.120   16.219   930.995   396.104   0.274   0.244   1.521   -31.410   1.658   6.174   2.047   145.056   71.926   
123.384   121.100   0.178   1.956   27.968   60.000   1.133   37.960   16.043   917.561   387.784   0.275   0.244   1.517   -31.175   1.650   6.144   2.069   144.798   70.849   
125.474   123.190   0.178   1.965   27.902   60.000   1.156   37.802   15.870   904.448   379.706   0.275   0.245   1.514   -30.940   1.643   6.115   2.090   144.523   69.769   
127.585   125.301   0.178   1.974   27.836   60.000   1.180   37.644   15.699   891.646   371.859   0.276   0.246   1.510   -30.705   1.635   6.087   2.111   144.230   68.687   
129.717   127.433   0.177   1.982   27.771   60.000   1.203   37.488   15.532   879.145   364.236   0.277   0.246   1.507   -30.470   1.628   6.058   2.132   143.921   67.603   
131.870   129.586   0.177   1.991   27.706   60.000   1.227   37.333   15.366   866.936   356.826   0.277   0.247   1.503   -30.235   1.620   6.030   2.153   143.596   66.518   
134.044   131.760   0.177   2.000   27.642   60.000   1.251   37.179   15.203   855.008   349.622   0.278   0.247   1.500   -30.000   1.613   6.002   2.174   143.254   65.432   
136.239   133.955   0.177   2.000   27.638   60.000   1.274   37.197   15.061   847.238   343.038   0.278   0.247   1.499   -30.000   1.599   6.001   2.195   144.283   65.464   
138.455   136.171   0.177   2.000   27.635   60.000   1.298   37.214   14.922   839.674   336.694   0.278   0.247   1.499   -30.000   1.584   5.999   2.216   145.304   65.496   
140.692   138.408   0.177   2.000   27.631   60.000   1.322   37.231   14.788   832.305   330.577   0.278   0.247   1.499   -30.000   1.570   5.997   2.237   146.319   65.526   
142.949   140.665   0.177   2.000   27.628   60.000   1.346   37.247   14.656   825.125   324.676   0.278   0.247   1.499   -30.000   1.557   5.996   2.257   147.327   65.555   
145.226   142.942   0.177   2.000   27.625   60.000   1.370   37.263   14.528   818.124   318.980   0.278   0.247   1.499   -30.000   1.544   5.995   2.277   148.328   65.583   
147.524   145.240   0.177   2.000   27.621   60.000   1.394   37.278   14.404   811.296   313.477   0.278   0.247   1.498   -30.000   1.531   5.993   2.297   149.322   65.610   
149.841   147.557   0.177   2.000   27.618   60.000   1.418   37.292   14.282   804.634   308.160   0.278   0.247   1.498   -30.000   1.518   5.992   2.317   150.310   65.636   
152.178   149.894   0.177   2.000   27.615   60.000   1.442   37.306   14.164   798.132   303.017   0.278   0.248   1.498   -30.000   1.506   5.991   2.337   151.292   65.661   
154.535   152.251   0.177   2.000   27.613   60.000   1.466   37.320   14.048   791.782   298.042   0.278   0.248   1.498   -30.000   1.494   5.989   2.357   152.268   65.686   
156.911   154.627   0.177   2.000   27.610   60.000   1.490   37.333   13.935   785.580   293.225   0.278   0.248   1.498   -30.000   1.482   5.988   2.376   153.237   65.710   
159.306   157.022   0.177   2.000   27.607   60.000   1.514   37.346   13.825   779.520   288.560   0.278   0.248   1.498   -30.000   1.471   5.987   2.395   154.200   65.733   
161.721   159.437   0.177   2.000   27.605   60.000   1.538   37.358   13.717   773.596   284.040   0.278   0.248   1.498   -30.000   1.460   5.986   2.415   155.157   65.755   
164.155   161.871   0.177   2.000   27.602   60.000   1.562   37.371   13.611   767.803   279.657   0.278   0.248   1.497   -30.000   1.449   5.985   2.434   156.108   65.777   
166.607   164.323   0.177   2.000   27.600   60.000   1.586   37.382   13.508   762.137   275.406   0.278   0.248   1.497   -30.000   1.438   5.984   2.452   157.054   65.798   
169.078   166.794   0.177   2.000   27.597   60.000   1.610   37.394   13.408   756.594   271.282   0.278   0.248   1.497   -30.000   1.428   5.983   2.471   157.993   65.818   
171.568   169.284   0.177   2.000   27.595   60.000   1.634   37.405   13.309   751.168   267.277   0.278   0.248   1.497   -30.000   1.417   5.982   2.490   158.927   65.838   
174.076   171.792   0.177   2.000   27.593   60.000   1.658   37.415   13.213   745.856   263.389   0.278   0.248   1.497   -30.000   1.407   5.981   2.508   159.856   65.857   
176.603   174.319   0.177   2.000   27.591   60.000   1.682   37.426   13.118   740.655   259.610   0.278   0.248   1.497   -30.000   1.398   5.980   2.527   160.779   65.875   
179.147   176.863   0.177   2.000   27.589   60.000   1.706   37.436   13.026   735.559   255.938   0.278   0.248   1.497   -30.000   1.388   5.979   2.545   161.697   65.893   
181.710   179.426   0.177   2.000   27.587   60.000   1.730   37.446   12.935   730.566   252.366   0.278   0.248   1.497   -30.000   1.379   5.978   2.563   162.609   65.911   
184.291   182.007   0.177   2.000   27.585   60.000   1.754   37.455   12.846   725.673   248.893   0.278   0.248   1.496   -30.000   1.369   5.977   2.581   163.517   65.928   
186.889   184.605   0.177   2.000   27.583   60.000   1.778   37.464   12.759   720.876   245.512   0.278   0.248   1.496   -30.000   1.360   5.976   2.599   164.419   65.945   
189.506   187.222   0.177   2.000   27.581   60.000   1.802   37.473   12.674   716.171   242.222   0.278   0.248   1.496   -30.000   1.351   5.975   2.616   165.316   65.961   
192.140   189.856   0.177   2.000   27.579   60.000   1.826   37.482   12.591   711.557   239.018   0.278   0.248   1.496   -30.000   1.343   5.975   2.634   166.208   65.977   
194.791   192.507   0.177   2.000   27.577   60.000   1.850   37.491   12.509   707.030   235.896   0.278   0.248   1.496   -30.000   1.334   5.974   2.651   167.096   65.992   
197.459   195.175   0.177   2.000   27.575   60.000   1.874   37.499   12.428   702.588   232.855   0.279   0.248   1.496   -30.000   1.326   5.973   2.669   167.978   66.007   
200.145   197.861   0.177   2.000   27.574   60.000   1.898   37.507   12.349   698.228   229.890   0.279   0.248   1.496   -30.000   1.318   5.972   2.686   168.856   66.022   
202.848   200.564   0.177   2.000   27.572   60.000   1.922   37.515   12.272   693.947   226.999   0.279   0.248   1.496   -30.000   1.310   5.972   2.703   169.729   66.036   
205.569   203.285   0.177   2.000   27.570   60.000   1.946   37.523   12.196   689.744   224.180   0.279   0.248   1.496   -30.000   1.302   5.971   2.720   170.598   66.050   
208.306   206.022   0.177   2.000   27.569   60.000   1.970   37.531   12.121   685.615   221.429   0.279   0.248   1.496   -30.000   1.294   5.970   2.737   171.462   66.064   
211.059   208.775   0.177   2.000   27.567   60.000   1.994   37.538   12.048   681.559   218.744   0.279   0.248   1.496   -30.000   1.286   5.970   2.754   172.321   66.077   
213.830   211.546   0.177   2.000   27.566   60.000   2.019   37.545   11.976   677.574   216.123   0.279   0.248   1.495   -30.000   1.279   5.969   2.771   173.176   66.090   
216.617   214.333   0.177   2.000   27.564   60.000   2.043   37.552   11.905   673.658   213.563   0.279   0.248   1.495   -30.000   1.271   5.968   2.787   174.027   66.103   
219.421   217.137   0.177   2.000   27.563   60.000   2.067   37.559   11.835   669.808   211.063   0.279   0.248   1.495   -30.000   1.264   5.968   2.804   174.873   66.115   
222.241   219.957   0.177   2.000   27.561   60.000   2.091   37.566   11.767   666.023   208.620   0.279   0.248   1.495   -30.000   1.257   5.967   2.820   175.716   66.127   
225.078   222.794   0.177   2.000   27.560   60.000   2.115   37.573   11.700   662.301   206.233   0.279   0.248   1.495   -30.000   1.250   5.967   2.837   176.554   66.139   
227.930   225.646   0.177   2.000   27.559   60.000   2.139   37.579   11.634   658.640   203.900   0.279   0.248   1.495   -30.000   1.243   5.966   2.853   177.388   66.150   
230.799   228.515   0.177   2.000   27.557   60.000   2.163   37.585   11.569   655.039   201.618   0.279   0.248   1.495   -30.000   1.236   5.965   2.869   178.218   66.161   
233.684   231.400   0.177   2.000   27.556   60.000   2.187   37.592   11.505   651.496   199.386   0.279   0.248   1.495   -30.000   1.229   5.965   2.885   179.044   66.172   
